0 0.101562 0.457672 0.062748 0.097222
0 0.169767 0.440642 0.083085 0.215939
0 0.214286 0.417328 0.038690 0.066138
0 0.125992 0.534226 0.059028 0.192130
0 0.279886 0.546462 0.048859 0.125992
0 0.329489 0.641534 0.073661 0.152778
0 0.356523 0.477844 0.047371 0.071429
0 0.258433 0.247354 0.088294 0.108466
0 0.547619 0.440642 0.063492 0.170304
0 0.492932 0.525298 0.034970 0.065146
0 0.647197 0.559524 0.053323 0.093915
0 0.697173 0.525298 0.063492 0.147817
0 0.735491 0.637401 0.098462 0.070437
0 0.809648 0.453042 0.068204 0.172619
0 0.829241 0.495370 0.061260 0.176587
0 0.866195 0.549107 0.052827 0.112765
0 0.983259 0.448413 0.029514 0.134259
