0 0.373843 0.382378 0.162809 0.313947
0 0.523823 0.562500 0.080054 0.223958
0 0.485629 0.503472 0.119406 0.217593
0 0.720390 0.616609 0.142940 0.248843
0 0.915702 0.363860 0.067901 0.126447
0 0.985050 0.572049 0.026427 0.166088
0 0.856096 0.670718 0.131559 0.361111
0 0.767458 0.774161 0.049961 0.113715
0 0.037326 0.452112 0.074267 0.371817
0 0.236690 0.491753 0.082948 0.232350
0 0.156250 0.396991 0.135031 0.265625
0 0.158468 0.258247 0.089313 0.142650
0 0.241995 0.302662 0.065008 0.182292
0 0.972897 0.498843 0.042245 0.152199
0 0.117766 0.540075 0.075039 0.183160
