0 0.069320 0.412698 0.103919 0.093915
0 0.046503 0.562996 0.040923 0.140542
0 0.073661 0.610615 0.052083 0.177579
0 0.115203 0.751653 0.069692 0.195106
0 0.148438 0.623512 0.080605 0.131283
0 0.215526 0.763558 0.076885 0.167328
0 0.286458 0.774471 0.064980 0.143519
0 0.386037 0.617229 0.045883 0.065146
0 0.445312 0.571925 0.065228 0.180886
0 0.516245 0.568287 0.073661 0.078373
0 0.627480 0.496032 0.089782 0.198413
0 0.769593 0.647321 0.082837 0.149802
0 0.810268 0.527447 0.060516 0.145503
0 0.874256 0.576058 0.084325 0.158069
0 0.927331 0.619378 0.100694 0.123016
0 0.934400 0.480324 0.066716 0.138558
0 0.959449 0.551091 0.048859 0.085648
