0 0.055266 0.721933 0.075424 0.225116
0 0.110629 0.718895 0.051890 0.155961
0 0.160590 0.773003 0.061150 0.228877
0 0.212577 0.679832 0.064429 0.098090
0 0.324942 0.350839 0.091242 0.179688
0 0.296875 0.249566 0.053627 0.065683
0 0.331308 0.221209 0.031829 0.046586
0 0.482253 0.231916 0.110725 0.146123
0 0.498553 0.463397 0.073110 0.153646
0 0.540027 0.481047 0.031829 0.073206
0 0.655382 0.294850 0.113233 0.284144
0 0.767843 0.252170 0.079668 0.264178
0 0.829379 0.326968 0.085455 0.182292
0 0.901138 0.316262 0.079668 0.168403
