0 0.111111 0.303096 0.086420 0.227720
0 0.517458 0.509259 0.041860 0.071759
0 0.670525 0.494213 0.042824 0.099537
0 0.078414 0.484086 0.104745 0.129630
0 0.060378 0.579138 0.052083 0.075521
0 0.019772 0.622541 0.039159 0.134549
0 0.170621 0.607494 0.044560 0.094618
0 0.154707 0.420718 0.044367 0.093171
0 0.172357 0.352720 0.051119 0.050347
0 0.207562 0.288484 0.082948 0.080440
0 0.408372 0.581597 0.068673 0.151042
0 0.181520 0.486690 0.091435 0.139468
0 0.205054 0.397425 0.044367 0.039062
0 0.239487 0.594329 0.041088 0.057870
0 0.315297 0.401910 0.060378 0.100694
0 0.363522 0.437066 0.039545 0.135706
0 0.301022 0.537616 0.080440 0.145833
0 0.909047 0.523872 0.041860 0.125868
0 0.860050 0.451534 0.046103 0.119502
0 0.849923 0.560909 0.044367 0.117188
0 0.822724 0.579716 0.042052 0.076678
0 0.830247 0.503038 0.032022 0.063947
0 0.394579 0.394965 0.056134 0.174769
