0 0.072669 0.481647 0.082837 0.123347
0 0.034598 0.585483 0.061756 0.118717
0 0.133433 0.638393 0.101687 0.208664
0 0.235987 0.672619 0.076141 0.156085
0 0.253472 0.577546 0.099206 0.134590
0 0.281374 0.501157 0.065724 0.139220
0 0.376736 0.496528 0.058036 0.127976
0 0.428447 0.555225 0.046875 0.138228
0 0.390005 0.599702 0.064236 0.135913
0 0.418279 0.733796 0.057292 0.148148
0 0.381820 0.710317 0.025546 0.078704
0 0.522445 0.444114 0.057292 0.102513
0 0.506324 0.588955 0.094990 0.193783
0 0.556796 0.601356 0.043651 0.084325
0 0.724454 0.550099 0.074405 0.150463
0 0.802951 0.371693 0.094990 0.169974
0 0.854415 0.413194 0.077877 0.098214
0 0.943700 0.473545 0.085317 0.177910
0 0.980407 0.344081 0.039187 0.087632
0 0.854787 0.503803 0.078621 0.147156
