0 0.212798 0.549603 0.049603 0.053571
0 0.287946 0.482970 0.052579 0.073082
0 0.291419 0.562004 0.076885 0.136574
0 0.363219 0.661210 0.057292 0.134590
0 0.451513 0.769180 0.077629 0.119048
0 0.524430 0.786706 0.068204 0.106481
0 0.556052 0.687665 0.074405 0.114749
0 0.569692 0.356978 0.062996 0.164352
0 0.621280 0.464782 0.072917 0.206680
0 0.652282 0.639054 0.071429 0.153770
0 0.714534 0.622024 0.044147 0.111772
0 0.756820 0.611111 0.044891 0.117063
0 0.777902 0.475694 0.055804 0.166336
0 0.827381 0.571759 0.088294 0.222222
0 0.912574 0.634425 0.054315 0.086971
0 0.938616 0.586806 0.053323 0.072421
