0 0.133488 0.657841 0.086420 0.292535
0 0.199074 0.640191 0.062114 0.212095
0 0.310571 0.703414 0.097994 0.156250
0 0.361690 0.638021 0.081404 0.240162
0 0.424576 0.564091 0.085648 0.102720
0 0.595293 0.517506 0.104167 0.146701
0 0.679977 0.318142 0.084877 0.271123
0 0.847126 0.414062 0.107832 0.364583
0 0.933546 0.603299 0.070795 0.078125
0 0.986593 0.366464 0.026813 0.160012
0 0.673900 0.540509 0.043017 0.081597
0 0.723187 0.606916 0.058642 0.156539
0 0.746046 0.358941 0.085841 0.082465
0 0.811053 0.577546 0.108603 0.275463
0 0.765721 0.417390 0.115162 0.141493
