0 0.076582 0.412471 0.067130 0.127604
0 0.194444 0.339120 0.085648 0.096644
0 0.146219 0.434462 0.057870 0.102720
0 0.013407 0.518084 0.026427 0.053530
0 0.228395 0.491319 0.057870 0.164931
0 0.284915 0.510127 0.072145 0.123264
0 0.266011 0.549769 0.042824 0.080440
0 0.369213 0.557147 0.053627 0.127604
0 0.424190 0.580729 0.035108 0.074074
0 0.631462 0.548466 0.079282 0.155382
0 0.720004 0.578559 0.090856 0.106192
0 0.641686 0.421730 0.064236 0.105035
0 0.705633 0.428530 0.072145 0.221644
0 0.957176 0.553385 0.069444 0.154225
