0 0.135224 0.535735 0.048611 0.206887
0 0.165606 0.476852 0.065008 0.093171
0 0.205150 0.526620 0.031443 0.118056
0 0.237365 0.611256 0.051505 0.062211
0 0.322434 0.631655 0.051505 0.128472
0 0.476370 0.569444 0.040702 0.096644
0 0.609664 0.651476 0.035687 0.063368
0 0.696373 0.596354 0.063657 0.160880
0 0.608121 0.411892 0.074267 0.089988
0 0.645351 0.486979 0.088542 0.141204
0 0.583526 0.518663 0.056327 0.140336
0 0.635320 0.528791 0.051505 0.160590
0 0.750772 0.467159 0.057870 0.097512
0 0.812404 0.511719 0.070023 0.098669
0 0.858507 0.651476 0.050733 0.082465
0 0.914352 0.587240 0.062114 0.155382
0 0.971161 0.645110 0.055748 0.179109
