0 0.2051 0.7242 0.0957 0.2088
0 0.1755 0.2883 0.0874 0.1458
0 0.3030 0.1678 0.1001 0.1260
0 0.2715 0.3341 0.0918 0.1172
0 0.2920 0.4421 0.1396 0.2484
0 0.3694 0.5769 0.0991 0.2234
0 0.4714 0.5872 0.0942 0.1473
0 0.4526 0.7311 0.1055 0.1201
0 0.6106 0.5670 0.1284 0.2344
0 0.7317 0.5480 0.0591 0.1099
0 0.6699 0.5586 0.0713 0.1311
0 0.9124 0.3319 0.0913 0.1172
0 0.9121 0.5147 0.0918 0.1165
0 0.9001 0.6377 0.0767 0.1868
0 0.9509 0.7037 0.0757 0.1619
0 0.9722 0.6117 0.0527 0.1495
0 0.9800 0.3440 0.0322 0.1018
