0 0.053434 0.546007 0.033565 0.094329
0 0.095583 0.563079 0.049190 0.164931
0 0.279514 0.744647 0.045910 0.110243
0 0.322049 0.656250 0.054977 0.164931
0 0.416667 0.629051 0.107253 0.078125
0 0.467496 0.594039 0.059992 0.085648
0 0.505980 0.740307 0.072917 0.170428
0 0.400945 0.720052 0.045718 0.133970
0 0.706404 0.489583 0.069444 0.153356
0 0.736497 0.576389 0.057870 0.172454
0 0.771701 0.593027 0.059992 0.154225
0 0.822820 0.544850 0.042245 0.096644
0 0.855710 0.356771 0.096451 0.219907
0 0.901524 0.469184 0.065008 0.133970
0 0.941840 0.573206 0.054205 0.138310
0 0.980903 0.605903 0.033565 0.164931
