0 0.089506 0.569444 0.082948 0.218750
0 0.164545 0.586661 0.071373 0.111400
0 0.218750 0.455874 0.054398 0.169271
0 0.257041 0.493924 0.063465 0.236690
0 0.324171 0.760851 0.052276 0.067419
0 0.317419 0.491319 0.085841 0.304398
0 0.466725 0.424769 0.075810 0.313079
0 0.368827 0.468750 0.085648 0.237847
0 0.493924 0.609664 0.137153 0.166088
0 0.611015 0.621962 0.091628 0.169271
0 0.562500 0.354167 0.111497 0.124421
0 0.569252 0.462818 0.072145 0.091146
0 0.642458 0.405527 0.080054 0.250868
0 0.793981 0.373409 0.067130 0.248553
