0 0.037698 0.535880 0.070933 0.183532
0 0.186508 0.518188 0.070933 0.084656
0 0.210317 0.589286 0.059028 0.144841
0 0.473338 0.377811 0.083581 0.145833
0 0.514385 0.400132 0.053075 0.103836
0 0.507192 0.512401 0.040179 0.068452
0 0.562252 0.557540 0.095734 0.105820
0 0.602555 0.615575 0.063244 0.131283
0 0.699529 0.472057 0.084573 0.158399
0 0.700397 0.653274 0.047123 0.112765
0 0.741443 0.527943 0.069196 0.112765
0 0.805184 0.520999 0.058284 0.131283
0 0.874380 0.498843 0.082093 0.123347
0 0.968378 0.472222 0.063244 0.076720
0 0.980407 0.634425 0.039187 0.127315
0 0.098834 0.525628 0.051339 0.067130
0 0.061508 0.581515 0.043651 0.071759
