0 0.159240 0.508536 0.081983 0.183738
0 0.236015 0.525463 0.067323 0.195023
0 0.258005 0.594329 0.032600 0.082755
0 0.305170 0.605324 0.064043 0.159722
0 0.365934 0.510706 0.073302 0.152199
0 0.378954 0.706163 0.062693 0.168692
0 0.531250 0.564381 0.055556 0.176794
0 0.601273 0.508247 0.050926 0.169850
0 0.574460 0.354456 0.037809 0.149306
0 0.721644 0.567998 0.052469 0.090278
0 0.754726 0.509404 0.032986 0.061053
0 0.814043 0.753762 0.057099 0.196181
0 0.763503 0.740017 0.050154 0.161748
0 0.779514 0.598090 0.040895 0.046875
0 0.827739 0.589844 0.070216 0.107350
0 0.885995 0.503617 0.050154 0.160012
