0 0.1577 0.3402 0.0635 0.0553
0 0.1418 0.4463 0.0903 0.1738
0 0.2959 0.3535 0.0781 0.2148
0 0.4143 0.3171 0.1030 0.1693
0 0.4780 0.4001 0.0918 0.2350
0 0.5610 0.2868 0.0850 0.1230
0 0.5476 0.3910 0.0659 0.0723
0 0.6189 0.4141 0.0630 0.1549
0 0.6453 0.4538 0.0356 0.0820
0 0.6587 0.2139 0.0654 0.1686
0 0.7642 0.1764 0.0693 0.1185
0 0.7607 0.3955 0.0820 0.1855
0 0.7515 0.5778 0.0947 0.1803
0 0.7471 0.6810 0.0410 0.0417
0 0.8672 0.4639 0.0918 0.2233
0 0.8118 0.4447 0.0483 0.0846
0 0.9380 0.5355 0.0557 0.0501
