0 0.028646 0.598545 0.056796 0.212963
0 0.086062 0.598545 0.077381 0.188492
0 0.147197 0.526951 0.058284 0.155093
0 0.296007 0.645999 0.110863 0.191468
0 0.381820 0.481812 0.048363 0.100529
0 0.489831 0.462632 0.080853 0.216931
0 0.556548 0.548776 0.041667 0.036045
0 0.520957 0.644015 0.041419 0.082341
0 0.562996 0.619544 0.040675 0.031415
0 0.651290 0.698578 0.047123 0.100860
0 0.756324 0.452216 0.058284 0.067791
0 0.749380 0.515708 0.041915 0.073082
0 0.735243 0.642030 0.066220 0.177579
0 0.805432 0.589451 0.099454 0.107474
0 0.923487 0.632937 0.017609 0.051587
0 0.955233 0.618552 0.033978 0.026124
0 0.945437 0.661541 0.015873 0.041997
0 0.961310 0.646164 0.009921 0.024471
0 0.978795 0.569610 0.031002 0.064484
