0 0.030575 0.632668 0.059606 0.207465
0 0.056134 0.496672 0.040123 0.076678
0 0.984086 0.354022 0.031057 0.075521
0 0.946856 0.490451 0.060378 0.204861
0 0.892265 0.486111 0.050347 0.188657
0 0.608025 0.760272 0.070602 0.191262
0 0.783758 0.319444 0.178627 0.152199
0 0.712384 0.527633 0.101466 0.271701
0 0.543885 0.780382 0.069637 0.196181
0 0.575714 0.440104 0.056134 0.247685
0 0.517458 0.434462 0.056906 0.118345
0 0.513696 0.646557 0.104938 0.278067
0 0.440683 0.555266 0.116705 0.259259
0 0.291377 0.344618 0.141782 0.107060
0 0.319059 0.465422 0.111497 0.184896
0 0.124518 0.432002 0.064622 0.125579
0 0.184799 0.351418 0.101466 0.243924
0 0.158854 0.536458 0.066165 0.246528
0 0.214699 0.533999 0.048611 0.183738
0 0.265818 0.549624 0.063657 0.214988
