0 0.010417 0.445168 0.019290 0.124711
0 0.182292 0.528212 0.067901 0.179688
0 0.232639 0.660301 0.067901 0.273148
0 0.358410 0.531973 0.101466 0.237558
0 0.436921 0.485532 0.047068 0.122106
0 0.488522 0.448929 0.109761 0.111979
0 0.496914 0.571036 0.057870 0.147280
0 0.563175 0.611834 0.074653 0.198785
0 0.886478 0.478588 0.055363 0.151042
0 0.958140 0.444589 0.077932 0.161169
0 0.840760 0.512442 0.061150 0.166088
0 0.516204 0.194155 0.044367 0.057870
0 0.725405 0.309896 0.063850 0.115741
0 0.740548 0.393084 0.075617 0.067998
0 0.649113 0.496817 0.070602 0.195023
0 0.713735 0.587384 0.135802 0.370949
