0 0.031126 0.431713 0.061756 0.085648
0 0.066716 0.423611 0.016865 0.027116
0 0.123388 0.487103 0.050347 0.097222
0 0.102803 0.586806 0.040923 0.045966
0 0.236855 0.436673 0.078869 0.145172
0 0.250248 0.629795 0.032738 0.032738
0 0.312252 0.488922 0.045635 0.113426
0 0.395089 0.516204 0.061508 0.182540
0 0.340526 0.592097 0.080853 0.139220
0 0.349330 0.726852 0.030506 0.042328
0 0.392609 0.629464 0.050099 0.074405
0 0.439484 0.670304 0.057044 0.161376
0 0.479415 0.609954 0.069940 0.183532
0 0.527902 0.616567 0.030010 0.142526
0 0.490699 0.504134 0.040427 0.055225
0 0.570685 0.664352 0.039683 0.048942
0 0.597966 0.593750 0.073909 0.156415
0 0.648065 0.538690 0.063988 0.152778
0 0.710069 0.492394 0.017857 0.027116
0 0.832093 0.694114 0.121032 0.209656
0 0.949157 0.526455 0.077381 0.141534
0 0.827133 0.561177 0.020337 0.066799
0 0.860119 0.537037 0.025794 0.063492
0 0.728671 0.508763 0.018849 0.037368
0 0.756944 0.508267 0.017361 0.032407
