0 0.143711 0.711227 0.067901 0.100694
0 0.529996 0.523148 0.073881 0.207755
0 0.642747 0.574074 0.072917 0.208912
0 0.672936 0.618779 0.031057 0.074363
0 0.764468 0.239439 0.062886 0.176215
0 0.943866 0.501736 0.077932 0.187500
0 0.872203 0.443866 0.083912 0.260417
0 0.725405 0.659578 0.041860 0.075521
0 0.793306 0.447772 0.045332 0.124711
0 0.288484 0.716291 0.095486 0.186053
0 0.265818 0.394242 0.090664 0.123553
0 0.211323 0.580440 0.088927 0.186343
0 0.349633 0.681713 0.065394 0.152199
0 0.276427 0.508536 0.066358 0.234664
0 0.327353 0.566696 0.049383 0.121238
