0 0.098187 0.611545 0.087963 0.128183
0 0.186439 0.608652 0.046103 0.083623
0 0.295042 0.710503 0.073110 0.247975
0 0.364969 0.477431 0.070216 0.174190
0 0.384934 0.308015 0.063850 0.203414
0 0.359568 0.160012 0.053241 0.119213
0 0.307292 0.089554 0.070216 0.063368
0 0.509549 0.379340 0.039545 0.085069
0 0.479070 0.490741 0.072338 0.084491
0 0.562500 0.551794 0.094907 0.162616
0 0.653067 0.629630 0.115934 0.247685
0 0.734086 0.180411 0.068866 0.166377
0 0.719618 0.338542 0.114390 0.182870
0 0.810475 0.429253 0.080440 0.214410
0 0.741802 0.528791 0.055748 0.191840
0 0.801215 0.660156 0.057292 0.171586
0 0.844232 0.665799 0.030671 0.130208
0 0.844907 0.834346 0.067901 0.210359
0 0.975019 0.857494 0.049961 0.118345
0 0.927758 0.788339 0.144483 0.186632
0 0.935764 0.923756 0.080247 0.152488
0 0.899306 0.343750 0.075231 0.202546
0 0.894965 0.183883 0.068480 0.134549
0 0.971836 0.508825 0.056327 0.283854
