0 0.603395 0.578559 0.109954 0.360822
0 0.678434 0.646412 0.119213 0.280671
0 0.796779 0.324942 0.075424 0.239005
0 0.711998 0.211227 0.124228 0.152199
0 0.853299 0.143808 0.233989 0.158565
0 0.960262 0.258970 0.073688 0.167245
0 0.981578 0.572338 0.036073 0.152199
0 0.624807 0.398582 0.048611 0.104456
0 0.293113 0.806279 0.084684 0.184896
0 0.345486 0.523872 0.097222 0.301794
0 0.406346 0.543403 0.061150 0.164931
0 0.036844 0.559028 0.068673 0.274306
0 0.136285 0.628906 0.128279 0.496817
0 0.232350 0.512442 0.176119 0.362269
