0 0.036073 0.642072 0.058642 0.193866
0 0.032697 0.499421 0.055363 0.086806
0 0.126640 0.552228 0.075424 0.177373
0 0.074556 0.930122 0.068866 0.133391
0 0.311343 0.638021 0.045525 0.145833
0 0.240066 0.558160 0.097415 0.138889
0 0.252122 0.647714 0.074460 0.086516
0 0.366512 0.731626 0.077160 0.226562
0 0.513696 0.619647 0.076003 0.199363
0 0.428241 0.594329 0.087191 0.253472
0 0.446373 0.710503 0.039352 0.118345
0 0.634163 0.731916 0.070795 0.197049
0 0.607928 0.469763 0.130594 0.335359
0 0.717496 0.736256 0.055363 0.076678
0 0.768326 0.765625 0.046296 0.108218
0 0.739583 0.630787 0.059799 0.085069
0 0.781154 0.601707 0.066165 0.202836
0 0.819927 0.526186 0.083140 0.187789
0 0.840374 0.612703 0.053048 0.117188
0 0.901717 0.699219 0.064236 0.253762
0 0.954090 0.562211 0.090664 0.116319
0 0.969715 0.669850 0.060185 0.131366
