0 0.041088 0.634549 0.058642 0.153356
0 0.072531 0.616319 0.049383 0.064236
0 0.089313 0.428819 0.071373 0.187500
0 0.123264 0.487992 0.053627 0.157118
0 0.200424 0.292969 0.107253 0.302951
0 0.328318 0.367188 0.188657 0.200231
0 0.514082 0.252170 0.117284 0.249132
0 0.459587 0.478009 0.088927 0.267940
0 0.556424 0.518229 0.106674 0.290509
0 0.714024 0.609375 0.079668 0.284144
0 0.632330 0.640191 0.080633 0.160012
0 0.847897 0.567130 0.083912 0.368634
0 0.944059 0.677228 0.111883 0.372396
0 0.204186 0.770399 0.078125 0.228877
0 0.272569 0.780527 0.085648 0.191262
0 0.327064 0.728877 0.070409 0.251736
0 0.383681 0.642650 0.094907 0.303241
