0 0.024691 0.654080 0.047840 0.232928
0 0.100984 0.786169 0.056134 0.174769
0 0.553916 0.762153 0.049576 0.144676
0 0.952257 0.619358 0.094715 0.221354
0 0.576100 0.519965 0.055363 0.145833
0 0.616802 0.586806 0.084684 0.223958
0 0.191647 0.658420 0.041088 0.178530
0 0.237269 0.593027 0.068673 0.251447
0 0.811825 0.603154 0.060378 0.128183
0 0.319541 0.783854 0.071952 0.190972
0 0.430556 0.444300 0.071373 0.227720
0 0.457755 0.573640 0.081019 0.142650
0 0.315683 0.504051 0.060378 0.243056
0 0.719618 0.700376 0.091628 0.120081
0 0.779128 0.607060 0.085262 0.303241
0 0.362751 0.376591 0.068094 0.145544
0 0.369020 0.730035 0.050540 0.163773
0 0.391686 0.570602 0.049961 0.048611
0 0.417728 0.665075 0.058063 0.156539
