0 0.266865 0.246362 0.037202 0.050926
0 0.034102 0.591601 0.053819 0.070106
0 0.022817 0.674438 0.043651 0.086310
0 0.101190 0.581680 0.081845 0.183201
0 0.165303 0.574405 0.075645 0.254630
0 0.184772 0.647321 0.093254 0.111442
0 0.244668 0.515708 0.143601 0.086310
0 0.242684 0.563161 0.060764 0.173942
0 0.296875 0.669643 0.056052 0.125661
0 0.331845 0.721065 0.090278 0.235119
0 0.363467 0.597222 0.083581 0.208995
0 0.462426 0.601356 0.118304 0.374669
0 0.551587 0.560185 0.061012 0.234127
0 0.605655 0.639385 0.053571 0.129299
0 0.654514 0.450893 0.101687 0.146495
0 0.703993 0.519345 0.090526 0.243717
0 0.765377 0.488426 0.112599 0.217593
0 0.777034 0.392526 0.067460 0.066799
0 0.911458 0.638558 0.076885 0.239418
0 0.979043 0.615575 0.041915 0.125331
0 0.982019 0.733631 0.035962 0.072421
0 0.806548 0.257110 0.095238 0.126653
