0 0.059510 0.616319 0.112461 0.413773
0 0.236883 0.571615 0.072917 0.155961
0 0.286362 0.774884 0.160301 0.303241
0 0.483121 0.318721 0.142554 0.385127
0 0.406250 0.582899 0.106481 0.307002
0 0.455826 0.681713 0.114969 0.323495
0 0.541763 0.645255 0.080440 0.267940
0 0.631462 0.689236 0.107446 0.179977
0 0.594618 0.387297 0.156057 0.167535
0 0.740162 0.369213 0.067901 0.239005
0 0.819348 0.324363 0.103974 0.222801
0 0.904900 0.528791 0.122299 0.226562
0 0.828221 0.586082 0.098187 0.124711
0 0.878954 0.655961 0.073881 0.095486
0 0.872589 0.754051 0.059606 0.133102
