0 0.283854 0.751447 0.064622 0.173611
0 0.975791 0.581019 0.044560 0.280671
0 0.810571 0.308015 0.091435 0.157118
0 0.733410 0.344618 0.066358 0.179977
0 0.738426 0.560330 0.047840 0.110822
0 0.792535 0.572193 0.056906 0.169850
0 0.847029 0.573640 0.073688 0.177373
0 0.860918 0.716869 0.052855 0.235243
0 0.912423 0.630064 0.067130 0.091725
0 0.403839 0.391638 0.136767 0.213831
0 0.404996 0.568432 0.080440 0.265336
0 0.222994 0.398582 0.095679 0.250289
0 0.100984 0.794850 0.076196 0.245370
0 0.073302 0.455150 0.114969 0.195023
0 0.156829 0.623264 0.092207 0.410301
