0 0.901620 0.512442 0.077160 0.188657
0 0.763117 0.584780 0.092207 0.179977
0 0.785880 0.275318 0.120756 0.162326
0 0.858796 0.343171 0.105710 0.195023
0 0.640336 0.619502 0.099730 0.304398
0 0.681809 0.418113 0.093943 0.193866
0 0.565201 0.493634 0.097222 0.299190
0 0.501929 0.404948 0.072917 0.152488
0 0.429398 0.457176 0.130787 0.450231
0 0.358893 0.518808 0.090471 0.236690
0 0.312404 0.462818 0.099730 0.184896
0 0.274691 0.323785 0.178627 0.183449
0 0.038870 0.360243 0.074653 0.485532
0 0.121528 0.406829 0.112269 0.304398
0 0.220486 0.621962 0.092207 0.271701
0 0.126254 0.733941 0.123264 0.344618
0 0.190779 0.483507 0.082948 0.151042
