0 0.078511 0.243490 0.064815 0.093461
0 0.054880 0.403356 0.065008 0.163194
0 0.183546 0.398582 0.071952 0.132812
0 0.023438 0.549190 0.046489 0.188657
0 0.073978 0.495949 0.039545 0.105903
0 0.127604 0.414786 0.050733 0.140914
0 0.103974 0.484809 0.040123 0.203993
0 0.246142 0.457610 0.051312 0.075521
0 0.327450 0.415365 0.112076 0.099248
0 0.270833 0.513310 0.078318 0.098380
0 0.350212 0.600405 0.089313 0.269676
0 0.437693 0.563947 0.082562 0.214120
0 0.476273 0.599826 0.050540 0.077546
0 0.455922 0.775897 0.087770 0.247396
0 0.519097 0.699942 0.055941 0.184606
0 0.554688 0.543547 0.127122 0.214988
0 0.606867 0.610822 0.071373 0.186921
0 0.667535 0.576100 0.105131 0.304398
0 0.748746 0.598669 0.070023 0.196181
0 0.788002 0.676939 0.055941 0.199363
0 0.800154 0.525174 0.064429 0.105324
0 0.891300 0.647859 0.058063 0.112847
0 0.948495 0.596065 0.047068 0.119792
0 0.885610 0.451244 0.077932 0.105613
0 0.921779 0.487992 0.065779 0.120660
0 0.192998 0.677807 0.048804 0.172164
