0 0.437307 0.140625 0.091435 0.195023
0 0.152199 0.323785 0.109954 0.151042
0 0.246046 0.447049 0.089699 0.229167
0 0.870949 0.282986 0.057870 0.086806
0 0.939718 0.267795 0.073110 0.149595
0 0.935571 0.414931 0.106481 0.179977
0 0.696952 0.662760 0.097222 0.255498
0 0.699846 0.486834 0.054398 0.127025
0 0.850791 0.461661 0.061150 0.154803
0 0.773630 0.537037 0.081211 0.164931
0 0.747299 0.565394 0.048611 0.128472
0 0.562693 0.295428 0.057099 0.071759
0 0.587481 0.430122 0.066165 0.205150
0 0.544271 0.392361 0.058835 0.107060
0 0.471354 0.347078 0.080440 0.152488
0 0.469618 0.450231 0.083912 0.204861
0 0.401717 0.374132 0.051890 0.110532
0 0.444444 0.593027 0.052083 0.148438
0 0.155864 0.528791 0.077160 0.228877
0 0.221451 0.695602 0.043596 0.099537
0 0.279610 0.666667 0.093171 0.260417
0 0.343846 0.547743 0.056906 0.261574
0 0.392843 0.558449 0.051119 0.252894
0 0.283854 0.509259 0.056134 0.094329
