0 0.026331 0.543981 0.049576 0.128472
0 0.134163 0.735822 0.142554 0.258102
0 0.117766 0.502459 0.064622 0.203993
0 0.174383 0.436921 0.052083 0.188657
0 0.231385 0.571615 0.040316 0.067998
0 0.284240 0.617477 0.035301 0.049190
0 0.370660 0.562066 0.078897 0.169850
0 0.624807 0.372251 0.042052 0.061632
0 0.667149 0.433160 0.103202 0.188657
0 0.592496 0.609375 0.083140 0.218750
0 0.646219 0.592448 0.067901 0.205150
0 0.862076 0.624421 0.043596 0.103009
0 0.912905 0.581742 0.059606 0.153646
0 0.867959 0.489873 0.055363 0.163773
0 0.810185 0.484954 0.092207 0.173611
