0 0.135742 0.539388 0.039062 0.078776
0 0.181152 0.546875 0.063477 0.128906
0 0.308105 0.564128 0.065430 0.185547
0 0.242676 0.656576 0.067383 0.185547
0 0.210449 0.398763 0.118164 0.138672
0 0.542480 0.376953 0.040039 0.092448
0 0.602051 0.369792 0.038086 0.078125
0 0.549805 0.570964 0.074219 0.139323
0 0.512451 0.620768 0.040527 0.160807
0 0.478271 0.542969 0.030762 0.088542
0 0.449707 0.626953 0.033203 0.117188
0 0.475342 0.627604 0.032715 0.079427
0 0.772217 0.556966 0.056152 0.180339
0 0.798828 0.636068 0.052734 0.182292
0 0.843262 0.614909 0.066406 0.126953
0 0.910889 0.616862 0.063965 0.121745
0 0.574463 0.286784 0.073730 0.098307
0 0.969482 0.583333 0.061035 0.161458
0 0.341797 0.616536 0.085938 0.135417
0 0.394287 0.696940 0.052246 0.120443
