0 0.080440 0.500579 0.083333 0.186921
0 0.092110 0.384259 0.058835 0.048611
0 0.222319 0.408854 0.076582 0.212384
0 0.325231 0.329138 0.067515 0.196470
0 0.344618 0.274161 0.105131 0.085359
0 0.400656 0.453704 0.093750 0.234375
0 0.478684 0.415365 0.071952 0.083623
0 0.469811 0.314525 0.118634 0.119213
0 0.562886 0.395399 0.069444 0.173900
0 0.582272 0.472078 0.035301 0.087674
0 0.600694 0.202546 0.068673 0.207176
0 0.706211 0.198495 0.059414 0.106481
0 0.706019 0.382234 0.064815 0.193287
0 0.661844 0.656395 0.087191 0.183738
0 0.687596 0.537616 0.038773 0.057292
0 0.770351 0.520833 0.107446 0.248843
0 0.837191 0.599103 0.060957 0.068576
