0 0.096836 0.182870 0.061343 0.188657
0 0.109857 0.414352 0.068866 0.221644
0 0.161844 0.423756 0.057099 0.177373
0 0.339217 0.427083 0.054591 0.223958
0 0.292631 0.521267 0.073688 0.203993
0 0.224730 0.538339 0.072145 0.169850
0 0.978684 0.238860 0.040316 0.102141
0 0.961034 0.378472 0.072145 0.131944
0 0.903646 0.577836 0.061150 0.173611
0 0.558546 0.385417 0.060378 0.143519
0 0.583237 0.437066 0.064622 0.128183
0 0.635320 0.542679 0.069637 0.155961
0 0.797550 0.500579 0.070409 0.144676
0 0.705729 0.640191 0.099730 0.227720
0 0.908275 0.470341 0.087384 0.089410
0 0.225984 0.418837 0.039545 0.061632
