0 0.028398 0.516038 0.054315 0.118717
0 0.145709 0.065146 0.029514 0.054233
0 0.231399 0.468254 0.090774 0.141534
0 0.340774 0.556217 0.061508 0.144180
0 0.387401 0.542659 0.064484 0.087963
0 0.425347 0.529101 0.077877 0.129630
0 0.475198 0.561839 0.038690 0.076058
0 0.521825 0.476190 0.068452 0.150794
0 0.586806 0.500992 0.063492 0.167328
0 0.597222 0.607804 0.052579 0.141534
0 0.672371 0.534392 0.064980 0.156085
0 0.692708 0.605489 0.027282 0.072090
0 0.731151 0.564484 0.043651 0.060185
0 0.762649 0.414683 0.050099 0.068783
0 0.801091 0.490079 0.065476 0.121693
0 0.852183 0.513558 0.072421 0.158069
0 0.887401 0.638558 0.110119 0.117063
0 0.978919 0.567130 0.042163 0.166005
0 0.911954 0.406085 0.075893 0.100529
0 0.983383 0.378803 0.033234 0.056548
