0 0.139082 0.671730 0.044753 0.062211
0 0.115451 0.715422 0.051119 0.073785
0 0.236208 0.783275 0.044946 0.140046
0 0.315297 0.777344 0.071952 0.214410
0 0.341435 0.626881 0.061343 0.121817
0 0.441069 0.584925 0.056520 0.166377
0 0.439718 0.757812 0.080826 0.208912
0 0.493924 0.749421 0.032600 0.075810
0 0.530864 0.744358 0.040509 0.060475
0 0.532986 0.427083 0.054398 0.109375
0 0.543692 0.570602 0.039931 0.187500
0 0.598765 0.536892 0.082176 0.209201
0 0.706211 0.437789 0.103395 0.292824
0 0.973090 0.665509 0.053819 0.203125
0 0.224730 0.616753 0.067130 0.082465
