0 0.046489 0.377170 0.087963 0.268229
0 0.156250 0.423466 0.126543 0.248553
0 0.170814 0.581597 0.068480 0.152778
0 0.172068 0.697483 0.056327 0.142650
0 0.237654 0.703993 0.087191 0.258681
0 0.369309 0.736545 0.054591 0.220775
0 0.436535 0.657697 0.077160 0.166088
0 0.495274 0.697917 0.091628 0.311921
0 0.534819 0.414786 0.077353 0.237558
0 0.408854 0.442708 0.043789 0.152778
0 0.696856 0.567130 0.115934 0.236690
0 0.751543 0.797164 0.095293 0.185764
0 0.798900 0.697483 0.112461 0.096354
0 0.696952 0.347512 0.083719 0.205440
0 0.786555 0.391782 0.095486 0.129051
0 0.784433 0.543981 0.088156 0.206019
0 0.876929 0.479022 0.086034 0.171007
0 0.924672 0.607639 0.071566 0.191551
0 0.964892 0.630787 0.041281 0.136574
0 0.968075 0.445168 0.048804 0.122975
0 0.927180 0.432147 0.030285 0.121238
