0 0.103588 0.328414 0.048997 0.082755
0 0.080247 0.408854 0.032022 0.049769
0 0.035012 0.444589 0.069252 0.082465
0 0.087577 0.560619 0.074846 0.177951
0 0.182581 0.553096 0.055363 0.166377
0 0.144483 0.668113 0.082176 0.105324
0 0.138889 0.580729 0.056327 0.078125
0 0.497685 0.391204 0.045525 0.072917
0 0.513021 0.530237 0.043789 0.108507
0 0.546007 0.516204 0.035301 0.064236
0 0.664159 0.577980 0.051698 0.083623
0 0.683642 0.492043 0.070602 0.088831
0 0.718750 0.575666 0.041281 0.076678
0 0.768326 0.441551 0.078318 0.232060
0 0.841242 0.538050 0.074460 0.114873
0 0.831983 0.657841 0.057870 0.123553
0 0.871142 0.678819 0.057099 0.140625
0 0.911651 0.654225 0.045525 0.128472
0 0.968557 0.642940 0.022762 0.041088
