0 0.010913 0.533896 0.019841 0.107474
0 0.091394 0.499835 0.079117 0.071098
0 0.171255 0.579861 0.045883 0.114749
0 0.118428 0.576389 0.067708 0.091270
0 0.206101 0.663194 0.065476 0.186177
0 0.253596 0.562500 0.082589 0.216270
0 0.285218 0.632937 0.033730 0.107804
0 0.323909 0.577877 0.068452 0.151786
0 0.218874 0.391204 0.018601 0.035714
0 0.401910 0.408399 0.114831 0.166005
0 0.399182 0.481151 0.050843 0.220899
0 0.447421 0.656581 0.057540 0.151786
0 0.557044 0.687665 0.039187 0.084987
0 0.513765 0.661045 0.047371 0.068122
0 0.519593 0.589286 0.046131 0.063492
0 0.555556 0.571263 0.059028 0.141865
0 0.595486 0.521825 0.062500 0.181217
0 0.630828 0.559854 0.041419 0.096561
0 0.676711 0.633433 0.053819 0.190146
0 0.739831 0.520503 0.099206 0.080688
0 0.749008 0.602844 0.056548 0.092593
0 0.811880 0.449405 0.078125 0.108466
0 0.929315 0.601025 0.067460 0.143849
0 0.925843 0.708168 0.105159 0.112765
0 0.984375 0.615245 0.031250 0.153770
0 0.968626 0.389716 0.058780 0.075066
