0 0.117766 0.594184 0.081211 0.105613
0 0.168113 0.448929 0.099730 0.127025
0 0.187018 0.725839 0.107446 0.162326
0 0.300637 0.216146 0.089699 0.232639
0 0.305652 0.508825 0.068094 0.344618
0 0.415123 0.710648 0.078704 0.252894
0 0.362269 0.702546 0.067130 0.347222
0 0.403742 0.430700 0.125000 0.203993
0 0.533758 0.142650 0.094907 0.248843
0 0.556906 0.265914 0.077160 0.223958
0 0.973862 0.452980 0.052276 0.230613
0 0.512828 0.519387 0.094715 0.340856
0 0.568191 0.527633 0.104745 0.219039
0 0.644483 0.457755 0.183642 0.434028
0 0.696952 0.679253 0.090664 0.270544
