0 0.169850 0.172888 0.041088 0.083044
0 0.134163 0.330150 0.078897 0.143519
0 0.181520 0.462240 0.082948 0.228877
0 0.253665 0.472801 0.076389 0.232639
0 0.509452 0.536314 0.087963 0.256655
0 0.367766 0.456453 0.126736 0.323206
0 0.586613 0.484086 0.076389 0.129630
0 0.628954 0.287326 0.078897 0.324653
0 0.688079 0.411169 0.091435 0.275463
0 0.745949 0.496672 0.049383 0.220197
0 0.785397 0.416233 0.061150 0.175058
0 0.885224 0.434462 0.056327 0.161169
0 0.961902 0.478588 0.075424 0.244213
0 0.925829 0.545139 0.068866 0.196181
