0 0.7820 0.1670 0.0952 0.1949
0 0.8633 0.3425 0.0898 0.2527
0 0.8450 0.4637 0.1284 0.2462
0 0.7893 0.7821 0.0435 0.0476
0 0.8513 0.6718 0.0688 0.1656
0 0.4656 0.7179 0.1060 0.2359
0 0.6477 0.6176 0.0786 0.2696
0 0.6533 0.4044 0.0625 0.1407
0 0.6887 0.3839 0.0708 0.2344
0 0.5464 0.3725 0.0918 0.1238
0 0.4951 0.5168 0.1201 0.1927
0 0.3291 0.4766 0.0645 0.2205
0 0.2654 0.5158 0.0835 0.3487
0 0.1826 0.4799 0.0723 0.2681
0 0.1177 0.6557 0.0869 0.2037
0 0.0496 0.5674 0.0942 0.2337
0 0.0640 0.3828 0.0684 0.1341
0 0.1482 0.5802 0.0962 0.3473
