0 0.933063 0.707465 0.047840 0.145833
0 0.162809 0.686053 0.069444 0.135995
0 0.221258 0.615162 0.065201 0.164352
0 0.286265 0.677373 0.077160 0.200810
0 0.330826 0.507523 0.055170 0.160880
0 0.108989 0.652199 0.069059 0.155093
0 0.078125 0.543692 0.053627 0.126736
0 0.046682 0.477431 0.054012 0.137731
0 0.086806 0.355903 0.087191 0.125000
0 0.390818 0.475116 0.070216 0.222222
0 0.455247 0.494792 0.087963 0.223380
0 0.444059 0.622975 0.034722 0.052662
0 0.479745 0.683160 0.049769 0.159144
0 0.515239 0.460069 0.046682 0.089120
0 0.541088 0.578993 0.072145 0.186921
0 0.749614 0.637731 0.078704 0.209491
0 0.633873 0.605324 0.071759 0.348380
0 0.700231 0.432002 0.132716 0.123264
0 0.710648 0.757523 0.084877 0.197917
0 0.674576 0.684896 0.059799 0.093171
0 0.496431 0.249421 0.074653 0.144676
