0 0.404996 0.252170 0.065394 0.206308
0 0.203414 0.313657 0.084684 0.166088
0 0.868441 0.422454 0.087963 0.101852
0 0.790413 0.399884 0.056134 0.051505
0 0.817612 0.505498 0.083912 0.217593
0 0.735918 0.669126 0.072917 0.177373
0 0.698978 0.601852 0.049576 0.166088
0 0.524113 0.550347 0.078704 0.173611
0 0.628954 0.562066 0.124035 0.293113
0 0.420525 0.449653 0.125000 0.160880
0 0.469618 0.608073 0.071952 0.171007
0 0.132041 0.560330 0.101659 0.324363
0 0.218461 0.530093 0.071181 0.216435
0 0.256559 0.641493 0.052083 0.109375
0 0.296393 0.498553 0.098187 0.274306
