0 0.0339 0.5153 0.0669 0.2064
0 0.1003 0.4609 0.0737 0.1758
0 0.1340 0.5970 0.0493 0.0951
0 0.1650 0.4893 0.0342 0.0436
0 0.1943 0.5625 0.0635 0.0924
0 0.2190 0.5124 0.0435 0.0951
0 0.2415 0.4199 0.0776 0.0885
0 0.2930 0.4746 0.0391 0.1107
0 0.3777 0.4847 0.0923 0.1777
0 0.3560 0.6074 0.0713 0.1510
0 0.5491 0.5885 0.0493 0.0651
0 0.5955 0.6003 0.0493 0.1380
0 0.6292 0.5316 0.0522 0.1335
0 0.4480 0.4147 0.0181 0.0573
0 0.4639 0.4245 0.0186 0.0469
0 0.6794 0.5127 0.0571 0.1139
0 0.6821 0.3926 0.0723 0.1250
0 0.7461 0.4977 0.0898 0.1361
0 0.7712 0.5729 0.1196 0.0482
0 0.7515 0.6270 0.0410 0.0547
0 0.8389 0.4788 0.0186 0.0775
0 0.8098 0.4346 0.0122 0.0163
