0 0.039834 0.660880 0.079282 0.206019
0 0.118827 0.450810 0.039352 0.081019
0 0.088735 0.533854 0.059414 0.129051
0 0.287037 0.308449 0.065586 0.125000
0 0.310185 0.474248 0.101080 0.242477
0 0.338927 0.582755 0.032793 0.057870
0 0.197145 0.575810 0.055556 0.055556
0 0.179205 0.640625 0.036651 0.104167
0 0.481481 0.675926 0.043981 0.128472
0 0.520448 0.679688 0.045525 0.103588
0 0.568673 0.695312 0.057870 0.147569
0 0.603781 0.594907 0.057099 0.138889
0 0.668789 0.533854 0.147762 0.161458
0 0.777971 0.622106 0.069059 0.163194
0 0.804012 0.644387 0.046296 0.085069
0 0.861690 0.534722 0.102238 0.199074
