0 0.503472 0.681279 0.041281 0.094039
0 0.905478 0.520544 0.061343 0.303819
0 0.578511 0.371383 0.089506 0.267650
0 0.285783 0.618345 0.068866 0.164352
0 0.118345 0.412616 0.090856 0.168403
0 0.258488 0.425058 0.156250 0.114583
0 0.519290 0.573206 0.052469 0.101273
0 0.624035 0.534578 0.060571 0.164062
0 0.638792 0.383102 0.076582 0.101273
0 0.730517 0.381076 0.064043 0.184028
0 0.826871 0.680266 0.064236 0.203704
0 0.823495 0.463397 0.064043 0.209780
0 0.769965 0.601273 0.066165 0.231481
0 0.154417 0.645110 0.046103 0.079572
