0 0.201678 0.609086 0.060764 0.269676
0 0.233700 0.421441 0.064236 0.297743
0 0.313561 0.519097 0.065394 0.255208
0 0.370467 0.618200 0.104745 0.118924
0 0.450328 0.422454 0.117091 0.192130
0 0.618827 0.438513 0.065586 0.271701
0 0.689043 0.478299 0.058642 0.227431
0 0.590567 0.487124 0.041860 0.166377
0 0.757234 0.578559 0.055748 0.287326
0 0.820023 0.601707 0.061343 0.137442
0 0.872010 0.541233 0.054977 0.153067
0 0.119020 0.567130 0.042824 0.144676
0 0.167245 0.594907 0.042824 0.173611
0 0.957079 0.435475 0.079282 0.168403
