0 0.493180 0.779101 0.087550 0.165344
0 0.260293 0.684524 0.055804 0.126984
0 0.041419 0.719081 0.070437 0.140542
0 0.394469 0.560020 0.088542 0.342923
0 0.124008 0.686012 0.038690 0.068452
0 0.070685 0.562004 0.140873 0.212632
0 0.454985 0.577050 0.054315 0.154101
0 0.497520 0.427745 0.066468 0.169643
0 0.271577 0.523810 0.096726 0.216931
0 0.798983 0.668981 0.153522 0.290344
0 0.961062 0.660218 0.074405 0.076389
0 0.941716 0.498512 0.072917 0.259590
0 0.652902 0.627149 0.083085 0.169643
0 0.575893 0.612599 0.113095 0.188161
0 0.641369 0.429233 0.155754 0.209656
0 0.695188 0.248512 0.085317 0.067130
