0 0.387897 0.756283 0.130952 0.175926
0 0.544891 0.787368 0.097718 0.202381
0 0.721106 0.570271 0.058284 0.177579
0 0.038318 0.604993 0.061260 0.195437
0 0.105779 0.564153 0.089038 0.146825
0 0.039187 0.496362 0.077877 0.145503
0 0.346726 0.500496 0.081349 0.184854
0 0.425843 0.461310 0.061012 0.112434
0 0.445933 0.602348 0.093750 0.120040
0 0.577753 0.506118 0.051835 0.159061
0 0.640997 0.458168 0.068204 0.172288
0 0.568080 0.630622 0.095982 0.123016
0 0.784350 0.349206 0.091518 0.218915
0 0.812996 0.525794 0.128472 0.210979
0 0.971602 0.497520 0.056796 0.186839
0 0.719990 0.457176 0.113095 0.071098
0 0.490203 0.686508 0.061260 0.079365
