0 0.039062 0.366175 0.051119 0.118924
0 0.031154 0.496962 0.051505 0.161169
0 0.181327 0.358362 0.095679 0.192419
0 0.121721 0.544271 0.084105 0.188079
0 0.106674 0.444155 0.057870 0.109375
0 0.185185 0.484954 0.077160 0.157986
0 0.269097 0.575955 0.057870 0.238715
0 0.229263 0.602865 0.053819 0.122975
0 0.566165 0.499421 0.045525 0.073495
0 0.529610 0.489149 0.070409 0.195312
0 0.482832 0.361979 0.067515 0.190972
0 0.339796 0.574942 0.059992 0.199653
0 0.401813 0.621817 0.055941 0.163194
0 0.377701 0.490596 0.076389 0.167535
0 0.387635 0.329861 0.075810 0.193287
0 0.446277 0.436343 0.059221 0.164352
0 0.761092 0.476128 0.075810 0.171586
0 0.784915 0.430700 0.054398 0.175637
0 0.946373 0.532986 0.063272 0.159144
0 0.897184 0.470631 0.061343 0.224248
0 0.853781 0.450810 0.054398 0.077546
0 0.854070 0.377459 0.060764 0.122975
0 0.910590 0.319155 0.074267 0.159144
