0 0.329861 0.614728 0.060571 0.103299
0 0.023052 0.255064 0.045718 0.204572
0 0.069734 0.422020 0.087384 0.184896
0 0.142072 0.402344 0.055748 0.151910
0 0.115934 0.266927 0.044753 0.110822
0 0.069059 0.305700 0.080633 0.107350
0 0.224344 0.473090 0.079861 0.132523
0 0.206790 0.437500 0.068287 0.106481
0 0.284722 0.438947 0.064043 0.206597
0 0.322917 0.307870 0.057870 0.101273
0 0.326678 0.402199 0.053048 0.120949
0 0.338349 0.523148 0.054398 0.071181
0 0.371528 0.447338 0.061343 0.134259
0 0.458237 0.466291 0.040702 0.104456
0 0.492091 0.486545 0.042052 0.092882
0 0.549576 0.412760 0.042824 0.122975
0 0.577450 0.413628 0.038002 0.151910
0 0.544367 0.208912 0.029707 0.040509
0 0.500000 0.201244 0.050926 0.080729
0 0.444252 0.125868 0.048225 0.072338
0 0.708044 0.468027 0.042631 0.059896
0 0.747975 0.481337 0.045332 0.062211
0 0.618441 0.236256 0.056713 0.080729
0 0.662519 0.332610 0.052276 0.142650
0 0.663291 0.220486 0.066165 0.125000
0 0.754630 0.244213 0.062500 0.059028
0 0.861979 0.383681 0.066937 0.139468
0 0.861979 0.265480 0.072338 0.117766
0 0.841339 0.140770 0.081983 0.065104
0 0.922261 0.337240 0.070216 0.085938
0 0.916763 0.434317 0.052276 0.131366
0 0.970486 0.486545 0.053627 0.099248
0 0.957465 0.285012 0.063465 0.165509
0 0.982832 0.358073 0.034336 0.143808
