0 0.777585 0.666956 0.057870 0.120949
0 0.743441 0.588252 0.044753 0.092014
0 0.585455 0.552083 0.064815 0.120949
0 0.290509 0.634259 0.077160 0.107639
0 0.121817 0.642072 0.066165 0.160301
0 0.072820 0.593027 0.107446 0.309896
0 0.401524 0.493779 0.049576 0.078414
0 0.425251 0.472656 0.077739 0.141493
0 0.463445 0.393519 0.068866 0.119792
0 0.194734 0.491175 0.146026 0.100405
0 0.205440 0.325376 0.142747 0.258391
0 0.374228 0.382668 0.133102 0.242766
0 0.537133 0.371238 0.085455 0.265625
0 0.948110 0.640046 0.054398 0.139468
0 0.921200 0.471065 0.050347 0.107639
0 0.984954 0.425926 0.030093 0.129051
0 0.975598 0.537760 0.048804 0.147859
0 0.557099 0.479311 0.077160 0.200521
0 0.667342 0.352720 0.071566 0.087963
0 0.669367 0.491609 0.125386 0.177662
