0 0.1968 0.7070 0.0742 0.2227
0 0.1284 0.6967 0.0762 0.2374
0 0.0850 0.5623 0.0488 0.0755
0 0.0144 0.5399 0.0288 0.1524
0 0.3503 0.5271 0.1128 0.2747
0 0.2258 0.4348 0.0649 0.2308
0 0.6467 0.2326 0.1235 0.1223
0 0.7126 0.4462 0.0776 0.2110
0 0.7771 0.5883 0.0620 0.1582
0 0.8174 0.4147 0.0840 0.2315
0 0.9370 0.4989 0.1123 0.2183
0 0.9800 0.6509 0.0391 0.2396
0 0.4666 0.4150 0.0737 0.2029
0 0.4077 0.2773 0.0869 0.2029
0 0.2500 0.2516 0.0713 0.1634
0 0.3242 0.2542 0.1299 0.2564
0 0.4810 0.5136 0.0645 0.1538
0 0.5330 0.5432 0.0454 0.1443
0 0.6309 0.5875 0.0908 0.1304
0 0.6064 0.4586 0.0811 0.1963
0 0.7524 0.5117 0.0752 0.2396
0 0.2700 0.4553 0.0508 0.1751
