0 0.308780 0.386739 0.126488 0.230489
0 0.053447 0.634921 0.065228 0.160053
0 0.731523 0.647321 0.119296 0.276124
0 0.912946 0.447421 0.124008 0.101190
0 0.628100 0.441138 0.065724 0.169312
0 0.556796 0.665840 0.092262 0.269511
0 0.580481 0.544478 0.066716 0.122024
0 0.499008 0.708829 0.072917 0.221230
0 0.428571 0.586806 0.078869 0.177579
0 0.334449 0.602183 0.084573 0.181878
0 0.294519 0.722222 0.058780 0.132275
0 0.350694 0.753142 0.056548 0.103505
0 0.106151 0.564153 0.051091 0.113757
0 0.061632 0.538856 0.061260 0.102183
0 0.106151 0.454530 0.060516 0.125992
0 0.174355 0.483962 0.086806 0.176918
