0 0.471354 0.634838 0.047647 0.106481
0 0.426987 0.590856 0.063465 0.072338
0 0.369117 0.530961 0.066165 0.146991
0 0.416667 0.440538 0.070216 0.135127
0 0.279803 0.314381 0.062693 0.104456
0 0.216146 0.419850 0.061921 0.096065
0 0.290509 0.505064 0.053627 0.157118
0 0.145544 0.627604 0.075039 0.153935
0 0.194830 0.525897 0.060571 0.070312
0 0.255015 0.551505 0.044753 0.115741
0 0.171007 0.467882 0.072338 0.086806
0 0.123071 0.491609 0.106096 0.148727
0 0.174093 0.265914 0.074267 0.133102
0 0.587095 0.655093 0.047647 0.173611
0 0.524788 0.566117 0.054977 0.241609
0 0.587095 0.397714 0.084684 0.204572
0 0.928819 0.527344 0.050154 0.164062
0 0.951196 0.484954 0.042824 0.114583
0 0.888503 0.321759 0.062114 0.172454
0 0.754533 0.513310 0.098573 0.212963
0 0.739005 0.553675 0.042824 0.096933
0 0.794850 0.443142 0.088156 0.084780
0 0.874035 0.494213 0.067515 0.197338
