0 0.9836 0.5605 0.0317 0.0833
0 0.8328 0.5684 0.0483 0.0820
0 0.8621 0.5508 0.0493 0.1263
0 0.7966 0.4658 0.0425 0.1374
0 0.7451 0.5107 0.0400 0.1113
0 0.7163 0.6413 0.0459 0.0794
0 0.6921 0.5934 0.0337 0.1074
0 0.7168 0.5775 0.0205 0.0586
0 0.6431 0.6175 0.0703 0.1699
0 0.6011 0.6787 0.0615 0.1061
0 0.4978 0.6686 0.0386 0.1263
0 0.5886 0.5674 0.0464 0.1152
0 0.5403 0.6683 0.0571 0.1022
0 0.2952 0.6833 0.0454 0.1270
0 0.3831 0.6227 0.0493 0.1413
0 0.3374 0.5990 0.0381 0.1094
0 0.2961 0.5485 0.0327 0.0983
0 0.2500 0.6396 0.0391 0.0970
0 0.0503 0.7008 0.0703 0.0410
0 0.0874 0.6426 0.0469 0.0977
0 0.1550 0.6084 0.0347 0.0632
0 0.4863 0.5667 0.0566 0.0840
0 0.4819 0.5114 0.0439 0.0762
0 0.4387 0.4762 0.0435 0.1035
0 0.4333 0.6354 0.0464 0.0977
0 0.5720 0.4893 0.0776 0.0645
