0 0.0681 0.5282 0.0825 0.2198
0 0.1128 0.3084 0.1016 0.1084
0 0.1995 0.3271 0.0737 0.0872
0 0.2256 0.4674 0.0771 0.1875
0 0.3647 0.4630 0.0674 0.2022
0 0.2881 0.5205 0.0850 0.1722
0 0.4849 0.4890 0.0732 0.1751
0 0.5520 0.4081 0.0396 0.0615
0 0.6885 0.2465 0.0596 0.1121
0 0.7122 0.4586 0.1157 0.2007
0 0.7856 0.5568 0.0469 0.0806
0 0.9016 0.4300 0.0854 0.1216
0 0.9426 0.4187 0.1138 0.2308
0 0.9583 0.2883 0.0825 0.0901
0 0.8044 0.3454 0.0747 0.1824
0 0.8381 0.2275 0.0776 0.1941
0 0.0417 0.3505 0.0425 0.0696
