0 0.316592 0.689649 0.050347 0.081680
0 0.423115 0.614253 0.038690 0.120701
0 0.213542 0.658730 0.055060 0.044312
0 0.116567 0.677745 0.047123 0.096892
0 0.089162 0.633433 0.041915 0.092923
0 0.087178 0.495866 0.033482 0.118056
0 0.136781 0.560516 0.053323 0.085979
0 0.271205 0.580522 0.047867 0.109458
0 0.310764 0.527943 0.052579 0.151124
0 0.549479 0.614087 0.032490 0.125000
0 0.523810 0.533565 0.038690 0.081680
0 0.655630 0.655423 0.047867 0.123016
0 0.622272 0.538856 0.075893 0.162368
0 0.612227 0.624339 0.051339 0.069444
0 0.577009 0.588955 0.065724 0.084656
0 0.717262 0.682540 0.089286 0.123016
0 0.724206 0.793981 0.033234 0.052910
0 0.233259 0.536210 0.054315 0.107474
0 0.183532 0.520172 0.062004 0.071429
0 0.165055 0.469081 0.031002 0.053902
0 0.039559 0.540840 0.054315 0.061177
0 0.031002 0.484127 0.049603 0.056878
