0 0.688988 0.592593 0.064980 0.141534
0 0.816840 0.540344 0.051339 0.132275
0 0.782738 0.627646 0.041667 0.050926
0 0.843254 0.614749 0.063492 0.095238
0 0.892733 0.769180 0.044891 0.106481
0 0.668899 0.708168 0.000000 0.000992
0 0.645957 0.642030 0.051835 0.149802
0 0.491319 0.610946 0.082341 0.157077
0 0.526662 0.503142 0.062748 0.146495
0 0.526662 0.601356 0.034970 0.074405
0 0.344370 0.673611 0.061260 0.060185
0 0.297991 0.661706 0.037946 0.073413
0 0.168155 0.516700 0.048115 0.057870
0 0.039062 0.510251 0.062748 0.150794
0 0.058904 0.350694 0.108383 0.160384
0 0.262277 0.473710 0.065724 0.151786
0 0.416915 0.503638 0.121032 0.077381
0 0.353299 0.489253 0.041915 0.052579
0 0.736979 0.678406 0.031002 0.100198
0 0.728175 0.606481 0.028770 0.080688
0 0.258805 0.353836 0.091518 0.046296
0 0.200397 0.391865 0.118552 0.095238
0 0.308036 0.462798 0.042659 0.109458
