0 0.562693 0.511429 0.031636 0.103299
0 0.583333 0.481337 0.031636 0.096933
0 0.683256 0.607928 0.041281 0.085648
0 0.403549 0.515480 0.052469 0.092882
0 0.201003 0.422454 0.035880 0.080440
0 0.170332 0.376881 0.064043 0.113715
0 0.221258 0.314959 0.058642 0.132234
0 0.287133 0.504485 0.044174 0.141493
0 0.307388 0.457610 0.058449 0.190104
0 0.275656 0.385851 0.054398 0.098090
0 0.453800 0.530527 0.034529 0.050637
0 0.800733 0.597656 0.029707 0.046586
0 0.921586 0.577980 0.049576 0.112558
0 0.917149 0.406395 0.043403 0.127025
0 0.983218 0.370370 0.033565 0.059028
0 0.785494 0.460648 0.054398 0.169560
0 0.760417 0.549045 0.042824 0.083623
0 0.715278 0.595631 0.037809 0.046586
0 0.833719 0.409144 0.051698 0.173611
0 0.867188 0.447193 0.035687 0.078414
0 0.254051 0.509838 0.023534 0.067130
