0 0.114487 0.497396 0.055748 0.135417
0 0.142747 0.488571 0.061343 0.066262
0 0.132427 0.320602 0.047647 0.073495
0 0.033758 0.404225 0.067130 0.115162
0 0.630883 0.512297 0.039931 0.099248
0 0.587095 0.516059 0.038002 0.133391
0 0.457176 0.317564 0.057870 0.147859
0 0.297454 0.289641 0.055170 0.193287
0 0.208912 0.212240 0.075231 0.137442
0 0.211613 0.297020 0.035108 0.079572
0 0.161073 0.294705 0.038580 0.065104
0 0.420042 0.320168 0.034529 0.074363
0 0.375579 0.223524 0.047454 0.178530
0 0.321470 0.382668 0.046875 0.083623
0 0.108989 0.435330 0.046296 0.071470
0 0.804495 0.395110 0.081211 0.131076
0 0.746624 0.503038 0.103202 0.066262
0 0.966049 0.394097 0.048997 0.125000
0 0.917824 0.374421 0.070988 0.176505
