0 0.697173 0.514881 0.093750 0.141534
0 0.955233 0.453538 0.086062 0.155093
0 0.610615 0.459325 0.125496 0.189153
0 0.503348 0.371858 0.070685 0.142526
0 0.402530 0.453538 0.055060 0.118056
0 0.375124 0.429729 0.057292 0.122024
0 0.340650 0.453042 0.039435 0.073413
0 0.282366 0.548115 0.037946 0.044643
0 0.254588 0.502149 0.039435 0.078373
0 0.188244 0.439484 0.089782 0.176587
0 0.177455 0.565642 0.079117 0.168320
0 0.110491 0.403935 0.075149 0.223214
0 0.063864 0.388889 0.040923 0.075397
0 0.282118 0.347718 0.066716 0.147817
0 0.438616 0.302083 0.063740 0.118717
0 0.448289 0.393684 0.064236 0.124008
