0 0.913318 0.652943 0.076637 0.136574
0 0.921875 0.531581 0.070437 0.129299
0 0.366939 0.427745 0.073661 0.190146
0 0.411954 0.403935 0.067460 0.124008
0 0.318948 0.601190 0.120040 0.165344
0 0.551091 0.462798 0.088294 0.225198
0 0.614211 0.380291 0.059772 0.165344
0 0.663070 0.407573 0.061260 0.120701
0 0.763393 0.647321 0.002976 0.000992
0 0.693204 0.589947 0.144841 0.115741
0 0.775794 0.261409 0.083829 0.239749
0 0.930804 0.327546 0.096230 0.092923
0 0.823413 0.377646 0.064484 0.137566
0 0.766121 0.403439 0.059524 0.112434
0 0.775794 0.537698 0.059028 0.091931
0 0.821925 0.499008 0.090774 0.111772
0 0.150298 0.451554 0.086806 0.138558
0 0.156126 0.288690 0.121776 0.126984
0 0.202629 0.537698 0.147817 0.253307
0 0.275546 0.396164 0.140377 0.220238
0 0.054563 0.441634 0.107639 0.149802
0 0.028770 0.374504 0.057044 0.133267
