0 0.505498 0.417824 0.056520 0.153935
0 0.444541 0.274740 0.076582 0.157118
0 0.380015 0.207031 0.048225 0.083623
0 0.369502 0.389902 0.091628 0.180845
0 0.405575 0.383681 0.046875 0.114583
0 0.083526 0.417245 0.064043 0.163194
0 0.188850 0.347656 0.051698 0.151910
0 0.259163 0.461806 0.115162 0.173611
0 0.279707 0.504630 0.051698 0.106481
0 0.240258 0.385851 0.102045 0.170428
0 0.664641 0.323640 0.066165 0.137442
0 0.705633 0.364583 0.035108 0.070023
0 0.724923 0.246817 0.046296 0.163194
0 0.760417 0.380642 0.060571 0.184896
0 0.864005 0.369213 0.051698 0.085648
0 0.823399 0.272569 0.066937 0.196181
0 0.811728 0.407986 0.061343 0.090856
0 0.978106 0.526765 0.032986 0.066262
