0 0.683642 0.671441 0.054398 0.066262
0 0.093557 0.592448 0.089506 0.114873
0 0.104456 0.673032 0.049576 0.110532
0 0.183738 0.607928 0.044174 0.071181
0 0.239969 0.561921 0.054398 0.115741
0 0.196084 0.491753 0.107446 0.088831
0 0.435860 0.325376 0.042631 0.055845
0 0.436246 0.273582 0.077739 0.142650
0 0.496142 0.272569 0.051698 0.101273
0 0.504051 0.386285 0.041281 0.094907
0 0.451100 0.351128 0.081211 0.078414
0 0.543981 0.401331 0.048225 0.116898
0 0.607060 0.546441 0.047454 0.092882
0 0.637056 0.467882 0.054977 0.151042
0 0.609086 0.448640 0.024113 0.112558
0 0.558160 0.311053 0.081983 0.107639
0 0.776620 0.602141 0.080633 0.101273
0 0.714603 0.630642 0.062693 0.075521
0 0.830247 0.498409 0.061343 0.137442
0 0.980421 0.546875 0.039159 0.106481
0 0.710841 0.585214 0.041281 0.057002
