0 0.282697 0.570168 0.062693 0.074363
0 0.127315 0.554253 0.055170 0.151910
0 0.102045 0.367622 0.044753 0.070312
0 0.054977 0.325376 0.041281 0.161169
0 0.387635 0.423032 0.053819 0.186921
0 0.176890 0.481771 0.057870 0.125000
0 0.163773 0.541811 0.043981 0.073206
0 0.314333 0.386285 0.059992 0.118056
0 0.288773 0.356771 0.057099 0.116898
0 0.225405 0.373843 0.057292 0.119792
0 0.447917 0.449797 0.095679 0.094039
0 0.667438 0.414207 0.055170 0.128183
0 0.582079 0.377749 0.167631 0.153067
0 0.697338 0.503617 0.075231 0.069155
0 0.956404 0.501447 0.048997 0.114583
0 0.885706 0.496817 0.037230 0.111690
0 0.918789 0.433304 0.035880 0.054688
0 0.901331 0.399740 0.050347 0.105613
0 0.981481 0.289497 0.037037 0.108507
0 0.558931 0.324363 0.055748 0.047454
0 0.545718 0.483362 0.036265 0.051215
