0 0.814140 0.520689 0.044174 0.092882
0 0.959201 0.529369 0.043403 0.079572
0 0.365258 0.560909 0.048804 0.134549
0 0.320505 0.412616 0.065394 0.143519
0 0.052855 0.460214 0.041281 0.098090
0 0.170332 0.399740 0.053241 0.144965
0 0.110436 0.441551 0.043403 0.110532
0 0.160687 0.506655 0.040509 0.092014
0 0.537519 0.225694 0.057292 0.182870
0 0.688368 0.499421 0.048804 0.143519
0 0.645062 0.413194 0.061343 0.126157
0 0.605710 0.513455 0.051698 0.161169
0 0.494792 0.358362 0.035108 0.074363
0 0.407986 0.460648 0.051698 0.090856
0 0.404514 0.357350 0.086034 0.103588
0 0.791088 0.396557 0.057099 0.121817
0 0.845100 0.326244 0.053627 0.059896
0 0.987365 0.421007 0.025270 0.118634
0 0.098380 0.358362 0.035880 0.045428
