0 0.336034 0.564525 0.064815 0.083912
0 0.113137 0.597222 0.076582 0.202546
0 0.203800 0.487558 0.088156 0.115741
0 0.192323 0.571181 0.057099 0.090856
0 0.060764 0.418258 0.050154 0.204572
0 0.019290 0.444734 0.038194 0.114583
0 0.347319 0.399161 0.036458 0.065104
0 0.313947 0.367622 0.075810 0.146701
0 0.463156 0.464844 0.066744 0.132234
0 0.418403 0.414641 0.070988 0.201389
0 0.385610 0.320602 0.056327 0.077546
0 0.513696 0.302083 0.064815 0.120949
0 0.458912 0.213108 0.131559 0.122975
0 0.479360 0.144965 0.067515 0.071181
0 0.594329 0.617766 0.062114 0.127894
0 0.661941 0.452980 0.078511 0.172743
0 0.607832 0.426071 0.054398 0.135127
0 0.799961 0.680266 0.070988 0.215856
0 0.798900 0.368634 0.056520 0.111690
0 0.833430 0.423900 0.053819 0.153935
0 0.889853 0.450810 0.067515 0.153935
0 0.978009 0.426215 0.043981 0.100694
0 0.825135 0.282841 0.129437 0.171586
0 0.962867 0.294126 0.074267 0.128762
0 0.213059 0.378472 0.105517 0.160301
