0 0.017554 0.573640 0.034722 0.094618
0 0.055652 0.471933 0.073110 0.130208
0 0.157986 0.643084 0.090278 0.106192
0 0.082465 0.322193 0.080054 0.082465
0 0.108989 0.401331 0.083333 0.087963
0 0.264082 0.276186 0.054398 0.199363
0 0.339796 0.385706 0.073881 0.106481
0 0.219232 0.524161 0.040702 0.118924
0 0.194059 0.550203 0.035880 0.094039
0 0.332562 0.520110 0.062114 0.176794
0 0.330536 0.271123 0.068866 0.092014
0 0.451003 0.719039 0.060571 0.151042
0 0.497492 0.662760 0.061343 0.176794
0 0.552662 0.627604 0.035108 0.092014
0 0.494502 0.477720 0.042631 0.110532
0 0.605035 0.377025 0.053048 0.148727
0 0.606771 0.593461 0.061921 0.077546
0 0.680845 0.563947 0.081983 0.068287
0 0.675637 0.442564 0.061921 0.180845
0 0.871721 0.541233 0.044753 0.113715
0 0.910976 0.443576 0.059992 0.164352
0 0.948881 0.497830 0.051698 0.117766
0 0.865837 0.362558 0.046875 0.109375
0 0.959491 0.341869 0.074460 0.165220
