0 0.059703 0.605324 0.078511 0.227431
0 0.190297 0.729890 0.036458 0.108507
0 0.401813 0.376447 0.070988 0.176505
0 0.309799 0.264757 0.077160 0.178819
0 0.474441 0.595052 0.037230 0.078414
0 0.622589 0.381655 0.052276 0.145833
0 0.578897 0.606916 0.077932 0.183160
0 0.627025 0.708767 0.040702 0.084780
0 0.746528 0.649306 0.057870 0.085648
0 0.696663 0.458623 0.064236 0.155093
0 0.638503 0.543837 0.089506 0.209780
0 0.822724 0.679253 0.094522 0.133391
0 0.914641 0.604311 0.059221 0.142650
0 0.884066 0.419416 0.097222 0.167535
0 0.981096 0.515480 0.037809 0.070312
