0 0.022569 0.482350 0.043981 0.082755
0 0.077353 0.407407 0.025463 0.059028
0 0.133488 0.459635 0.034336 0.037326
0 0.169946 0.339699 0.057870 0.101273
0 0.225019 0.358941 0.045718 0.098090
0 0.297357 0.381655 0.049576 0.083912
0 0.390432 0.315538 0.033179 0.094039
0 0.369792 0.267506 0.042824 0.113715
0 0.325328 0.353733 0.062693 0.081887
0 0.622589 0.281395 0.045332 0.143808
0 0.591242 0.362992 0.050154 0.112558
0 0.758391 0.271557 0.059221 0.169271
0 0.687018 0.305556 0.076582 0.115741
0 0.707272 0.345920 0.037230 0.059896
0 0.912616 0.387876 0.055170 0.187211
0 0.870274 0.398293 0.048804 0.065104
0 0.873360 0.458044 0.049576 0.067130
0 0.235436 0.315538 0.051119 0.087674
