0 0.595486 0.619874 0.079861 0.219246
0 0.483631 0.613095 0.062004 0.193122
0 0.530010 0.547950 0.085317 0.207672
0 0.351438 0.534557 0.075397 0.133267
0 0.303819 0.287698 0.134921 0.211640
0 0.158854 0.341435 0.119296 0.182870
0 0.196429 0.509259 0.034722 0.053571
0 0.584697 0.386739 0.045883 0.081680
0 0.644841 0.370205 0.121032 0.182870
0 0.560392 0.299438 0.057292 0.125992
0 0.594866 0.197751 0.073661 0.081349
0 0.752976 0.499504 0.067460 0.180886
0 0.752108 0.613591 0.048859 0.125992
0 0.836558 0.524802 0.103175 0.169312
0 0.874628 0.390542 0.065724 0.136243
0 0.918403 0.525794 0.071429 0.194444
0 0.971602 0.526124 0.056796 0.134921
0 0.270089 0.326885 0.089286 0.110780
