0 0.679315 0.791005 0.055060 0.089947
0 0.432788 0.842593 0.055060 0.067460
0 0.030258 0.522817 0.048115 0.068122
0 0.050347 0.478836 0.075893 0.085979
0 0.303075 0.500992 0.060516 0.163360
0 0.244916 0.473214 0.083581 0.194444
0 0.266617 0.308697 0.100694 0.239749
0 0.395585 0.427249 0.090774 0.209656
0 0.435144 0.511409 0.070685 0.086971
0 0.461434 0.692130 0.059772 0.134259
0 0.501860 0.655093 0.072173 0.101190
0 0.534722 0.550265 0.066468 0.191138
0 0.540055 0.396660 0.093006 0.120040
0 0.624256 0.437996 0.062996 0.208664
0 0.724330 0.603340 0.050347 0.088955
0 0.707961 0.460648 0.072173 0.097222
0 0.733259 0.562004 0.093006 0.142526
