0 0.818576 0.523293 0.087384 0.300637
0 0.923611 0.366609 0.050926 0.093171
0 0.977431 0.330006 0.043981 0.116609
0 0.795235 0.321759 0.043403 0.089699
0 0.606674 0.346065 0.057870 0.115741
0 0.514757 0.275752 0.055748 0.053819
0 0.521991 0.426505 0.053627 0.184028
0 0.130691 0.375434 0.093557 0.147859
0 0.136478 0.482350 0.050347 0.080440
0 0.116223 0.530382 0.061921 0.120949
0 0.227431 0.434751 0.102623 0.233507
0 0.363233 0.336082 0.068287 0.228299
0 0.425251 0.344907 0.072338 0.115741
0 0.293017 0.308304 0.070988 0.216146
0 0.202353 0.211516 0.056327 0.072338
0 0.674286 0.259115 0.121335 0.316262
0 0.709008 0.474103 0.156443 0.163484
0 0.871721 0.265336 0.094136 0.161458
