0 0.601948 0.415220 0.080054 0.151042
0 0.559606 0.524306 0.066744 0.129051
0 0.405285 0.610098 0.058642 0.069155
0 0.395255 0.486545 0.074460 0.092882
0 0.460359 0.466869 0.116319 0.125868
0 0.452353 0.407986 0.040123 0.047454
0 0.169271 0.613137 0.053819 0.089699
0 0.031539 0.475550 0.053819 0.108507
0 0.164062 0.493779 0.053048 0.121817
0 0.201196 0.475550 0.058642 0.166377
0 0.176119 0.392940 0.067515 0.110532
0 0.264757 0.515046 0.046103 0.149884
0 0.298515 0.603299 0.040702 0.039352
0 0.741127 0.495804 0.053627 0.175637
0 0.859954 0.617766 0.061343 0.101273
0 0.828607 0.532986 0.078511 0.068287
0 0.831983 0.433304 0.084105 0.129340
0 0.896412 0.336661 0.066744 0.153067
0 0.946759 0.369647 0.066744 0.157118
0 0.890914 0.514468 0.059992 0.188079
