0 0.023727 0.628617 0.047068 0.155961
0 0.019483 0.382668 0.037809 0.044271
0 0.481674 0.497396 0.116512 0.133102
0 0.732832 0.552662 0.065972 0.144676
0 0.454861 0.407407 0.068287 0.153935
0 0.502025 0.604311 0.051119 0.074363
0 0.439429 0.550492 0.057870 0.113715
0 0.869888 0.540799 0.081211 0.205440
0 0.931327 0.382234 0.077160 0.163194
0 0.702450 0.370660 0.082755 0.231481
0 0.754147 0.300492 0.071566 0.167535
0 0.638792 0.396123 0.069637 0.226273
0 0.984568 0.515336 0.029321 0.078704
0 0.983507 0.327402 0.032986 0.134549
