0 0.545428 0.456019 0.049576 0.116898
0 0.523052 0.351707 0.053048 0.129340
0 0.379726 0.464699 0.046103 0.086806
0 0.262249 0.302083 0.056520 0.178819
0 0.164448 0.339699 0.080054 0.119792
0 0.095390 0.341869 0.066937 0.045428
0 0.023534 0.402778 0.029707 0.043403
0 0.310860 0.323206 0.048804 0.109375
0 0.228877 0.218461 0.058449 0.168403
0 0.434510 0.448785 0.031829 0.059028
0 0.503762 0.442564 0.038002 0.057002
0 0.705343 0.352141 0.059221 0.107639
0 0.646991 0.376447 0.070988 0.139468
0 0.667728 0.249277 0.065394 0.220197
0 0.826871 0.411024 0.057292 0.103299
0 0.751833 0.307292 0.113619 0.143519
0 0.838252 0.306713 0.052276 0.123843
0 0.761767 0.361979 0.038580 0.056713
0 0.891975 0.500579 0.060571 0.182870
0 0.918113 0.415220 0.073110 0.202546
0 0.889178 0.251013 0.110147 0.171586
0 0.840278 0.489583 0.048225 0.097222
