0 0.040799 0.550637 0.043403 0.078704
0 0.082465 0.451968 0.060764 0.168403
0 0.172743 0.520544 0.075810 0.202546
0 0.358700 0.686053 0.053819 0.192130
0 0.308835 0.653935 0.054398 0.175926
0 0.360725 0.535590 0.067515 0.157986
0 0.546393 0.456597 0.062693 0.126157
0 0.669078 0.653356 0.059992 0.129051
0 0.770448 0.580584 0.044753 0.051794
0 0.804398 0.529948 0.057870 0.117766
0 0.937018 0.501447 0.053048 0.102431
0 0.989776 0.439091 0.020448 0.113715
0 0.744117 0.494213 0.053048 0.087963
0 0.722897 0.568721 0.055748 0.147859
0 0.734568 0.412037 0.040509 0.105324
0 0.276427 0.529369 0.037809 0.102141
0 0.301698 0.359230 0.074846 0.129919
0 0.249228 0.460069 0.069059 0.216435
