0 0.882716 0.510272 0.047454 0.125868
0 0.835455 0.367766 0.053627 0.090856
0 0.783854 0.302083 0.075810 0.075231
0 0.784529 0.403356 0.086806 0.129051
0 0.741512 0.435330 0.042052 0.098090
0 0.794174 0.548032 0.033179 0.046296
0 0.020351 0.510561 0.040316 0.076100
0 0.132427 0.441551 0.068094 0.193287
0 0.077932 0.345920 0.083333 0.084780
0 0.321952 0.458044 0.044753 0.100116
0 0.293017 0.461227 0.042052 0.052662
0 0.356674 0.449363 0.053627 0.061921
0 0.523052 0.425492 0.041860 0.113715
0 0.493056 0.402344 0.053627 0.131076
0 0.643519 0.543403 0.061343 0.078704
0 0.681134 0.486979 0.064815 0.052662
