0 0.171393 0.477720 0.066165 0.075231
0 0.055941 0.383247 0.058642 0.074363
0 0.273341 0.433304 0.034336 0.083623
0 0.230613 0.494792 0.056520 0.070023
0 0.169271 0.420862 0.053819 0.075521
0 0.228877 0.382234 0.068094 0.173611
0 0.272666 0.270978 0.085455 0.199363
0 0.359761 0.499855 0.037809 0.074363
0 0.390721 0.460214 0.055748 0.147859
0 0.334587 0.385272 0.063465 0.150752
0 0.008584 0.453414 0.016782 0.045718
0 0.692515 0.537616 0.046296 0.102431
0 0.653935 0.538194 0.051698 0.113426
0 0.569541 0.404369 0.064622 0.217882
0 0.584684 0.501013 0.064815 0.206887
0 0.592978 0.282407 0.056327 0.077546
0 0.637828 0.392940 0.056520 0.145833
0 0.691165 0.293837 0.054398 0.145544
0 0.724923 0.368200 0.050154 0.065104
0 0.802758 0.436921 0.054591 0.090856
0 0.794174 0.337240 0.055170 0.104456
0 0.846161 0.430266 0.061150 0.085648
0 0.848573 0.352720 0.059414 0.060764
0 0.966725 0.487558 0.058449 0.156829
0 0.910204 0.400752 0.059992 0.171296
0 0.990741 0.558449 0.018519 0.149884
