0 0.661169 0.647859 0.054977 0.072338
0 0.403260 0.656973 0.033758 0.084780
0 0.377025 0.656105 0.033758 0.055845
0 0.371142 0.548466 0.065972 0.095197
0 0.357735 0.475694 0.058449 0.102431
0 0.035590 0.559896 0.039931 0.115741
0 0.064236 0.594618 0.042052 0.125000
0 0.112751 0.592882 0.032986 0.082755
0 0.052180 0.417824 0.041474 0.081597
0 0.021701 0.447338 0.043017 0.121528
0 0.107639 0.529948 0.048997 0.099248
0 0.080054 0.469039 0.044753 0.126157
0 0.235147 0.516493 0.061343 0.105324
0 0.252990 0.551215 0.075039 0.168403
0 0.166184 0.547888 0.065394 0.151910
0 0.210262 0.442708 0.051698 0.106481
0 0.629919 0.474103 0.043403 0.096933
0 0.603299 0.451389 0.078511 0.123843
0 0.637828 0.553819 0.027585 0.086806
0 0.824074 0.385851 0.025463 0.046586
0 0.797550 0.374421 0.032986 0.077546
0 0.867863 0.324797 0.027392 0.036169
0 0.933256 0.441985 0.070216 0.070312
0 0.986979 0.432292 0.026042 0.085648
0 0.971161 0.546007 0.057677 0.119213
