0 0.031346 0.599248 0.062307 0.088542
0 0.675926 0.576823 0.070988 0.224248
0 0.746624 0.556279 0.083912 0.147859
0 0.595390 0.565538 0.075039 0.129340
0 0.209587 0.482784 0.086227 0.180845
0 0.134163 0.403356 0.080054 0.247106
0 0.038966 0.387297 0.077546 0.173900
0 0.172068 0.276186 0.071759 0.174479
0 0.085166 0.376447 0.027585 0.118634
0 0.494502 0.584780 0.049576 0.086806
0 0.486883 0.400752 0.052469 0.155093
0 0.511960 0.464699 0.054398 0.101273
0 0.531732 0.543837 0.049576 0.104456
0 0.419367 0.481337 0.071759 0.146701
0 0.425154 0.598090 0.054398 0.107639
0 0.361883 0.551071 0.048997 0.094039
0 0.832658 0.545428 0.068866 0.173611
0 0.878858 0.633825 0.064815 0.141493
0 0.867477 0.522569 0.064043 0.115741
0 0.838156 0.388889 0.077160 0.133102
0 0.774209 0.329427 0.078511 0.150752
0 0.789255 0.421441 0.039931 0.055845
0 0.685282 0.307726 0.064622 0.225405
0 0.587481 0.281829 0.124035 0.076389
0 0.610822 0.420862 0.107446 0.160012
0 0.415895 0.367766 0.057870 0.130208
