0 0.144194 0.668981 0.043403 0.081597
0 0.106867 0.469039 0.064043 0.090856
0 0.089410 0.553675 0.037230 0.062211
0 0.059703 0.491175 0.039931 0.102141
0 0.018229 0.498553 0.036073 0.129051
0 0.048804 0.575955 0.038580 0.089988
0 0.079090 0.386285 0.099151 0.107639
0 0.274691 0.467882 0.059414 0.194444
0 0.297454 0.536603 0.041281 0.145544
0 0.446181 0.492188 0.064815 0.201389
0 0.500000 0.365017 0.055170 0.162326
0 0.533758 0.504485 0.035880 0.094039
0 0.506173 0.556858 0.041281 0.063947
0 0.576775 0.650752 0.075231 0.119792
0 0.600598 0.525897 0.044174 0.070312
0 0.555748 0.449363 0.055170 0.169560
0 0.641493 0.561487 0.050347 0.087674
0 0.660108 0.613137 0.042052 0.075231
0 0.679398 0.480324 0.042052 0.064236
0 0.762056 0.567708 0.036458 0.092014
0 0.714892 0.469039 0.074460 0.115741
0 0.853684 0.441985 0.046103 0.161169
0 0.809606 0.398148 0.057099 0.145833
0 0.723862 0.584925 0.039931 0.120081
