0 0.137539 0.418258 0.067515 0.153067
0 0.083140 0.331019 0.074460 0.199653
0 0.190683 0.334057 0.053819 0.184896
0 0.270544 0.431279 0.056520 0.104456
0 0.223669 0.527344 0.092400 0.207465
0 0.242670 0.346065 0.064043 0.097222
0 0.421103 0.385706 0.113812 0.085648
0 0.582658 0.282986 0.048032 0.115741
0 0.519965 0.583044 0.060764 0.125000
0 0.524113 0.461227 0.071759 0.182870
0 0.502025 0.338686 0.063465 0.088831
0 0.469232 0.468027 0.053048 0.113715
0 0.620949 0.531829 0.119213 0.161458
0 0.711806 0.539207 0.044753 0.117766
0 0.757427 0.524884 0.033758 0.086806
0 0.806906 0.641493 0.046296 0.126157
0 0.894676 0.652344 0.074460 0.174479
0 0.788291 0.477286 0.044946 0.136285
0 0.835552 0.463252 0.075810 0.118634
0 0.876061 0.525752 0.088156 0.107639
0 0.714892 0.406395 0.052469 0.180845
0 0.705633 0.240162 0.057099 0.063079
0 0.662905 0.425058 0.050347 0.141782
