0 0.214796 0.623698 0.049576 0.124132
0 0.278453 0.495081 0.058449 0.172454
0 0.407697 0.367911 0.066165 0.192998
0 0.465664 0.505787 0.055941 0.206597
0 0.650174 0.649740 0.051119 0.128183
0 0.743634 0.610677 0.041281 0.122975
0 0.811535 0.593461 0.050154 0.160301
0 0.861015 0.650897 0.056520 0.161169
0 0.910012 0.612992 0.072338 0.065104
0 0.896894 0.509693 0.050347 0.143808
0 0.921586 0.409578 0.053819 0.129340
0 0.531154 0.496672 0.057292 0.151331
0 0.420910 0.529803 0.036651 0.066551
0 0.326485 0.332176 0.087384 0.285301
0 0.028549 0.301071 0.055170 0.133391
0 0.064333 0.423177 0.039931 0.082465
0 0.122299 0.416522 0.067515 0.133391
0 0.135417 0.523293 0.061728 0.065104
0 0.662905 0.605324 0.050347 0.152778
0 0.693576 0.507089 0.053819 0.128183
