0 0.146219 0.774306 0.079090 0.157986
0 0.117284 0.691117 0.046296 0.082465
0 0.952257 0.394097 0.051505 0.110532
0 0.951871 0.257668 0.046875 0.166377
0 0.894772 0.324219 0.053819 0.109664
0 0.784915 0.425058 0.042052 0.131366
0 0.859279 0.503183 0.031057 0.072338
0 0.757716 0.324363 0.067515 0.173611
0 0.692901 0.340422 0.050926 0.180845
0 0.580633 0.534578 0.074460 0.147859
0 0.537519 0.463252 0.087384 0.098380
0 0.473090 0.469473 0.044174 0.114873
0 0.171007 0.470486 0.053048 0.153935
0 0.315683 0.622830 0.069637 0.175637
0 0.275077 0.479311 0.073688 0.157118
0 0.292921 0.347946 0.053048 0.117766
0 0.349730 0.314959 0.064815 0.149016
0 0.354938 0.631800 0.047454 0.184896
0 0.391107 0.564525 0.046875 0.147569
0 0.391107 0.444589 0.088156 0.127025
0 0.134549 0.335648 0.040702 0.165509
0 0.073495 0.367043 0.096451 0.048322
0 0.510706 0.297454 0.043403 0.049769
