0 0.109279 0.674190 0.068866 0.164352
0 0.873360 0.599682 0.066165 0.180845
0 0.810282 0.543258 0.055748 0.175637
0 0.384934 0.581019 0.061921 0.102431
0 0.308449 0.628617 0.070216 0.195312
0 0.355324 0.382234 0.070216 0.212963
0 0.177566 0.610098 0.061921 0.166377
0 0.151042 0.495370 0.065586 0.114583
0 0.049769 0.539207 0.042052 0.095197
0 0.204765 0.398148 0.061150 0.098380
0 0.222704 0.493779 0.057292 0.128183
0 0.259259 0.546441 0.042052 0.096933
0 0.231964 0.597656 0.059221 0.098090
0 0.415509 0.474103 0.102623 0.095197
0 0.472029 0.540220 0.048997 0.080440
0 0.722801 0.477720 0.035108 0.077546
0 0.707658 0.329427 0.076582 0.107350
0 0.888889 0.244213 0.088735 0.240741
0 0.804109 0.324363 0.123264 0.198495
0 0.559896 0.393519 0.059221 0.107639
0 0.499904 0.444155 0.066165 0.111690
0 0.508970 0.379485 0.059221 0.079572
0 0.585069 0.561921 0.057099 0.090856
