0 0.230228 0.627604 0.062693 0.129051
0 0.316069 0.309317 0.050733 0.170718
0 0.124132 0.378038 0.058449 0.183738
0 0.235436 0.402344 0.085455 0.234664
0 0.200617 0.282841 0.066744 0.247975
0 0.318094 0.486979 0.064815 0.168403
0 0.340085 0.547020 0.057870 0.199363
0 0.548225 0.526331 0.064815 0.162037
0 0.691840 0.502604 0.051505 0.116898
0 0.717689 0.420428 0.073110 0.105324
0 0.708719 0.344907 0.048225 0.090856
0 0.635031 0.210648 0.115741 0.109375
0 0.458623 0.529369 0.059221 0.145544
0 0.512346 0.418837 0.038580 0.100405
0 0.588542 0.401765 0.097222 0.132234
0 0.581308 0.313513 0.063465 0.094039
0 0.875482 0.496962 0.073110 0.117766
0 0.778260 0.368200 0.073110 0.230613
0 0.833430 0.366175 0.068866 0.122975
