0 0.204090 0.375434 0.064043 0.160012
0 0.092785 0.308304 0.055170 0.184896
0 0.113137 0.669416 0.028356 0.088831
0 0.028549 0.574074 0.056713 0.072917
0 0.368731 0.672598 0.059992 0.109664
0 0.422743 0.607928 0.027585 0.059028
0 0.475212 0.573785 0.049576 0.067130
0 0.409722 0.523727 0.046682 0.163194
0 0.520640 0.483941 0.065972 0.141493
0 0.468268 0.467303 0.056520 0.135417
0 0.673611 0.594039 0.052469 0.151042
0 0.625386 0.505642 0.063272 0.288484
0 0.570891 0.480903 0.049576 0.100116
0 0.535397 0.385706 0.050347 0.081597
0 0.734568 0.601273 0.066744 0.221065
0 0.696373 0.466869 0.065972 0.088831
0 0.878183 0.446759 0.051119 0.197338
0 0.861593 0.604456 0.039931 0.074653
0 0.825810 0.549479 0.050926 0.289352
