0 0.320505 0.767506 0.048804 0.142650
0 0.344618 0.704138 0.048804 0.118924
0 0.191358 0.402778 0.060571 0.109375
0 0.118634 0.424479 0.086034 0.115741
0 0.019965 0.509983 0.039545 0.083044
0 0.303627 0.476707 0.052469 0.110822
0 0.293596 0.342448 0.058642 0.112558
0 0.410397 0.307726 0.073110 0.196470
0 0.440104 0.467882 0.085455 0.192130
0 0.534722 0.417679 0.073688 0.195312
0 0.642843 0.574363 0.072338 0.107639
0 0.800347 0.488571 0.034336 0.096933
0 0.352816 0.242622 0.054398 0.192419
0 0.277103 0.244792 0.102816 0.090856
0 0.925444 0.410012 0.081983 0.285301
0 0.864776 0.501013 0.061343 0.214988
