0 0.164931 0.682436 0.037809 0.094039
0 0.171007 0.589844 0.028356 0.045428
0 0.965278 0.390914 0.069444 0.127315
0 0.701485 0.511429 0.055748 0.146701
0 0.652199 0.489583 0.055170 0.123843
0 0.635031 0.342448 0.050926 0.069155
0 0.783083 0.273727 0.046875 0.130208
0 0.605421 0.509838 0.063465 0.186921
0 0.534047 0.474682 0.072338 0.069155
0 0.529225 0.413194 0.036458 0.105324
0 0.507909 0.522135 0.032407 0.040220
0 0.471740 0.508825 0.044174 0.094039
0 0.380112 0.520110 0.059221 0.089988
0 0.310475 0.551215 0.020640 0.081597
0 0.327739 0.504630 0.053627 0.129051
0 0.349151 0.451968 0.041281 0.071181
0 0.257716 0.531829 0.025463 0.032986
0 0.255305 0.479745 0.032986 0.063079
0 0.241609 0.421441 0.035687 0.074363
0 0.149595 0.527344 0.033758 0.038484
0 0.114198 0.526765 0.024691 0.070312
0 0.087674 0.501013 0.019869 0.059896
0 0.969136 0.471065 0.023534 0.045718
