0 0.101080 0.331453 0.071759 0.107350
0 0.173032 0.716001 0.051698 0.124132
0 0.414545 0.518519 0.034336 0.065972
0 0.429688 0.468895 0.024884 0.049479
0 0.638407 0.458189 0.059221 0.147859
0 0.603009 0.477720 0.022762 0.034144
0 0.180266 0.613715 0.049576 0.076389
0 0.065972 0.495804 0.042824 0.154803
0 0.078029 0.389902 0.038002 0.102141
0 0.140336 0.532552 0.037230 0.100405
0 0.148341 0.490017 0.042052 0.137442
0 0.503086 0.375000 0.047454 0.177662
0 0.531925 0.435909 0.033758 0.067998
0 0.569541 0.468027 0.042631 0.142650
0 0.427951 0.389323 0.059992 0.084780
0 0.455536 0.365596 0.064236 0.105613
0 0.544367 0.229745 0.057099 0.083912
0 0.765529 0.271991 0.076582 0.135417
0 0.807581 0.447338 0.036458 0.061921
0 0.864101 0.621383 0.036458 0.067419
0 0.905768 0.631655 0.042631 0.071181
0 0.855806 0.418837 0.061150 0.139757
0 0.811825 0.325376 0.091628 0.066262
0 0.970197 0.568142 0.024113 0.053530
0 0.299769 0.607928 0.025463 0.085648
