0 0.429302 0.530093 0.072338 0.204282
0 0.440683 0.637442 0.044174 0.111690
0 0.018615 0.478443 0.036844 0.131655
0 0.061825 0.441985 0.080054 0.171586
0 0.123167 0.264323 0.066165 0.082465
0 0.058353 0.280382 0.095100 0.170718
0 0.292631 0.496383 0.072917 0.176794
0 0.252315 0.644097 0.048997 0.059028
0 0.154128 0.528501 0.075617 0.166377
0 0.144772 0.388744 0.066937 0.108507
0 0.174865 0.275752 0.059221 0.138310
0 0.254051 0.521123 0.062114 0.106481
0 0.226177 0.387297 0.079282 0.169271
0 0.617091 0.432726 0.055170 0.099248
0 0.796200 0.612124 0.039931 0.057002
0 0.625675 0.570747 0.038002 0.141493
0 0.793789 0.435909 0.066744 0.190104
0 0.715567 0.510851 0.039931 0.054688
0 0.668113 0.475260 0.052276 0.146701
0 0.721836 0.413628 0.072917 0.151910
0 0.705247 0.278356 0.072917 0.110532
0 0.934414 0.599103 0.119213 0.190104
