0 0.058642 0.616319 0.115741 0.207176
0 0.082176 0.524306 0.062500 0.076389
0 0.065972 0.454282 0.065586 0.158565
0 0.266204 0.652199 0.083333 0.167824
0 0.433642 0.630208 0.077160 0.167824
0 0.644290 0.806134 0.089506 0.302083
0 0.718364 0.739583 0.141975 0.349537
0 0.662037 0.545718 0.081790 0.163194
0 0.584491 0.567130 0.067130 0.245370
0 0.966821 0.280093 0.066358 0.293981
0 0.983410 0.539931 0.033179 0.184028
0 0.949460 0.486690 0.079475 0.288194
0 0.167052 0.564236 0.051698 0.079861
0 0.276620 0.458912 0.068673 0.177083
0 0.498843 0.545139 0.051698 0.166667
0 0.548997 0.592014 0.048611 0.209491
0 0.796682 0.469329 0.045525 0.116898
0 0.828704 0.655671 0.092593 0.109954
0 0.795910 0.777778 0.042438 0.090278
0 0.233796 0.586806 0.052469 0.143519
0 0.847608 0.516782 0.101080 0.167824
