0 0.620370 0.605324 0.115741 0.462963
0 0.507716 0.616898 0.087963 0.305556
0 0.372299 0.759259 0.088735 0.361111
0 0.040509 0.864005 0.079475 0.130787
0 0.172840 0.754630 0.094136 0.245370
0 0.021605 0.703125 0.041667 0.190972
0 0.305170 0.780093 0.064043 0.187500
0 0.243441 0.650463 0.073302 0.145833
0 0.699074 0.401620 0.120370 0.277778
0 0.516590 0.214699 0.096451 0.413194
0 0.251929 0.385417 0.125772 0.421296
0 0.111111 0.206597 0.091049 0.288194
0 0.893519 0.517361 0.098765 0.354167
0 0.980710 0.489005 0.038580 0.167824
0 0.982253 0.790509 0.035494 0.284722
0 0.944059 0.712384 0.094907 0.299769
