0 0.955633 0.720486 0.073302 0.216435
0 0.707176 0.201968 0.060957 0.248843
0 0.757716 0.175926 0.047840 0.127315
0 0.804012 0.553241 0.092593 0.368056
0 0.741512 0.556134 0.069444 0.290509
0 0.877315 0.548611 0.100309 0.127315
0 0.895448 0.684028 0.064043 0.208333
0 0.431713 0.726273 0.076389 0.204861
0 0.366512 0.557870 0.074074 0.231481
0 0.324846 0.520833 0.052469 0.226852
0 0.160494 0.706597 0.081790 0.244213
0 0.027778 0.602431 0.054012 0.415509
0 0.072145 0.699074 0.042438 0.162037
0 0.105324 0.628472 0.096451 0.245370
0 0.988426 0.553819 0.023148 0.128472
