0 0.050540 0.731481 0.070216 0.115741
0 0.042438 0.615162 0.050926 0.075231
0 0.353781 0.656829 0.107253 0.373843
0 0.100309 0.355324 0.111111 0.305556
0 0.191358 0.144676 0.057099 0.076389
0 0.146605 0.473958 0.120370 0.343750
0 0.219136 0.464699 0.066358 0.142361
0 0.291667 0.535880 0.091049 0.435185
0 0.530864 0.564236 0.080247 0.376157
0 0.480324 0.395255 0.150463 0.309028
0 0.605710 0.202546 0.074074 0.178241
0 0.856867 0.517940 0.090278 0.371528
0 0.938657 0.662616 0.067130 0.258102
0 0.967207 0.375000 0.065586 0.451389
