0 0.379630 0.695023 0.074074 0.116898
0 0.038194 0.800347 0.074846 0.304398
0 0.086806 0.514468 0.096451 0.401620
0 0.030093 0.401620 0.058642 0.291667
0 0.162037 0.539352 0.077160 0.159722
0 0.253858 0.559028 0.069444 0.254630
0 0.350309 0.563079 0.055556 0.077546
0 0.437886 0.409722 0.088735 0.375000
0 0.508873 0.403935 0.051698 0.168981
0 0.715664 0.612847 0.111883 0.387731
0 0.831790 0.617477 0.083333 0.211806
0 0.843750 0.348380 0.141204 0.319444
0 0.961420 0.304398 0.077160 0.435185
0 0.650849 0.457176 0.102623 0.375000
0 0.598380 0.509259 0.104167 0.416667
0 0.577546 0.070602 0.056327 0.097222
