0 0.457948 0.793981 0.088735 0.199074
0 0.647762 0.614583 0.070216 0.240741
0 0.571373 0.644676 0.068673 0.210648
0 0.783951 0.608218 0.072531 0.443287
0 0.971451 0.587963 0.057099 0.113426
0 0.933256 0.468171 0.064043 0.181713
0 0.837191 0.346644 0.083333 0.346065
0 0.883488 0.488426 0.108025 0.328704
0 0.482253 0.570023 0.066358 0.265046
0 0.416667 0.837963 0.066358 0.120370
0 0.336420 0.823495 0.063272 0.223380
0 0.325231 0.444444 0.099537 0.185185
0 0.324074 0.585648 0.109568 0.143519
0 0.384645 0.670718 0.096451 0.232639
0 0.181713 0.740741 0.102623 0.187500
0 0.140818 0.614583 0.111883 0.136574
0 0.282793 0.750579 0.074846 0.158565
