0 0.741898 0.658565 0.070216 0.118056
0 0.397762 0.767361 0.064043 0.298611
0 0.245756 0.527199 0.091821 0.239583
0 0.240741 0.244792 0.074074 0.343750
0 0.462963 0.484375 0.112654 0.399306
0 0.391975 0.355324 0.106481 0.291667
0 0.326389 0.474537 0.067901 0.266204
0 0.688272 0.553241 0.040123 0.122685
0 0.766590 0.425926 0.076389 0.291667
0 0.803241 0.311921 0.074074 0.186343
0 0.837963 0.405093 0.060185 0.125000
0 0.920139 0.476852 0.101080 0.393519
0 0.977238 0.417824 0.045525 0.393519
0 0.588735 0.540509 0.060185 0.222222
