0 0.589120 0.755787 0.087191 0.155093
0 0.087191 0.810185 0.060185 0.203704
0 0.224537 0.429398 0.080247 0.219907
0 0.491127 0.655093 0.074846 0.115741
0 0.538966 0.719329 0.051698 0.072917
0 0.711034 0.745370 0.047068 0.159722
0 0.760802 0.656829 0.078704 0.144676
0 0.786265 0.748264 0.037037 0.109954
0 0.821759 0.671875 0.080247 0.237269
0 0.956019 0.857060 0.087963 0.285880
0 0.967593 0.658565 0.060185 0.138889
0 0.384645 0.666667 0.090278 0.131944
0 0.297454 0.564815 0.091821 0.273148
0 0.369599 0.545718 0.061728 0.121528
0 0.592593 0.524306 0.038580 0.094907
