0 0.427855 0.858218 0.053241 0.209491
0 0.252701 0.438079 0.088735 0.119213
0 0.040123 0.725116 0.077160 0.297454
0 0.128086 0.666667 0.064815 0.270833
0 0.072917 0.504630 0.097994 0.199074
0 0.092978 0.648148 0.071759 0.111111
0 0.269676 0.723380 0.037809 0.097222
0 0.172068 0.521412 0.057099 0.228009
0 0.553627 0.479167 0.065586 0.222222
0 0.620756 0.610532 0.077932 0.281250
0 0.694444 0.726852 0.081790 0.166667
0 0.669753 0.603588 0.064815 0.146991
0 0.810571 0.690972 0.088735 0.113426
0 0.917438 0.802662 0.091049 0.160880
0 0.851466 0.750579 0.051698 0.103009
