0 0.084877 0.521846 0.062114 0.149016
0 0.107350 0.439815 0.059992 0.087963
0 0.173418 0.456887 0.089120 0.216435
0 0.204572 0.311632 0.070023 0.223958
0 0.309896 0.282263 0.073495 0.135127
0 0.468557 0.236690 0.072145 0.095486
0 0.355903 0.484954 0.062886 0.152199
0 0.443191 0.477865 0.112847 0.279803
0 0.666667 0.698640 0.091435 0.191840
0 0.842110 0.654659 0.060764 0.133970
0 0.912905 0.360966 0.083526 0.103877
0 0.632137 0.382378 0.063657 0.206887
0 0.566744 0.557726 0.119985 0.175637
0 0.560282 0.451534 0.085841 0.197049
0 0.755980 0.544416 0.081404 0.206887
0 0.681327 0.560330 0.106481 0.121238
0 0.985918 0.412905 0.028164 0.074653
