0 0.050099 0.638062 0.062004 0.129299
0 0.112475 0.644180 0.062748 0.087963
0 0.170139 0.540840 0.048115 0.089616
0 0.190724 0.590939 0.067460 0.105159
0 0.220858 0.512897 0.059772 0.108466
0 0.256944 0.587798 0.040179 0.186177
0 0.275546 0.754630 0.052579 0.089947
0 0.384053 0.494378 0.047867 0.145503
0 0.428571 0.546958 0.068948 0.240741
0 0.463046 0.608135 0.085317 0.141534
0 0.474826 0.464451 0.082093 0.081680
0 0.521577 0.481978 0.058036 0.217923
0 0.717758 0.631779 0.034722 0.038029
0 0.747148 0.668981 0.045883 0.060847
0 0.782118 0.582672 0.036458 0.097222
0 0.816468 0.579696 0.075893 0.134259
0 0.865823 0.540840 0.067460 0.149802
0 0.942832 0.507771 0.069692 0.096230
0 0.940476 0.627646 0.072917 0.102513
0 0.982019 0.618221 0.033482 0.083664
0 0.504588 0.681878 0.045883 0.086640
