0 0.022666 0.721065 0.043403 0.099537
0 0.019387 0.470920 0.035687 0.156539
0 0.060860 0.526620 0.061535 0.139468
0 0.086227 0.509404 0.052083 0.096354
0 0.211998 0.696904 0.047840 0.126447
0 0.230228 0.569010 0.068480 0.121238
0 0.287326 0.596209 0.064236 0.096354
0 0.376640 0.494502 0.051505 0.075231
0 0.373457 0.567853 0.052083 0.103877
0 0.431713 0.619792 0.065586 0.092014
0 0.451003 0.640625 0.048611 0.144676
0 0.530671 0.678819 0.104938 0.133102
0 0.678916 0.330584 0.082755 0.169271
0 0.707755 0.455295 0.053627 0.149016
0 0.751447 0.541088 0.065008 0.142361
0 0.822145 0.493924 0.063657 0.185185
0 0.842785 0.630064 0.096451 0.138021
0 0.909626 0.608073 0.055748 0.109086
