0 0.095197 0.430700 0.064236 0.159433
0 0.137346 0.472946 0.051312 0.096354
0 0.163773 0.534144 0.041281 0.094329
0 0.196663 0.504630 0.041474 0.148727
0 0.235918 0.466001 0.068673 0.204572
0 0.289931 0.523293 0.047840 0.147859
0 0.194830 0.666377 0.032022 0.071759
0 0.360243 0.492911 0.081597 0.140336
0 0.340278 0.627459 0.057099 0.132812
0 0.505980 0.495081 0.048611 0.129630
0 0.548900 0.599537 0.051505 0.154514
0 0.772087 0.691117 0.050733 0.101562
0 0.776042 0.535735 0.048611 0.127604
0 0.978974 0.696470 0.037037 0.063079
0 0.852816 0.593171 0.053627 0.167245
0 0.583237 0.445168 0.070023 0.229456
0 0.610629 0.606337 0.056520 0.118924
0 0.612461 0.691117 0.087191 0.176794
0 0.638117 0.538918 0.087191 0.125289
0 0.221258 0.656829 0.035108 0.048032
