0 0.104167 0.395399 0.072145 0.112558
0 0.150174 0.482205 0.071566 0.258391
0 0.182677 0.643953 0.073688 0.230613
0 0.228781 0.589844 0.082948 0.184317
0 0.225212 0.431134 0.061535 0.094329
0 0.284819 0.401186 0.122106 0.111400
0 0.273148 0.408131 0.048611 0.283854
0 0.443480 0.425347 0.062114 0.097801
0 0.518133 0.487413 0.097222 0.176794
0 0.708912 0.281250 0.077160 0.265625
0 0.784240 0.331597 0.056520 0.115741
0 0.796393 0.574797 0.075039 0.182002
0 0.896412 0.676649 0.109182 0.220775
0 0.853974 0.441406 0.082948 0.200521
0 0.773630 0.420573 0.103588 0.098669
