0 0.079861 0.468419 0.083829 0.122024
0 0.038814 0.564815 0.059772 0.116402
0 0.136781 0.622024 0.098462 0.207672
0 0.243800 0.660714 0.089782 0.162037
0 0.262525 0.536541 0.103423 0.084325
0 0.283110 0.455026 0.065724 0.078704
0 0.374504 0.478175 0.052083 0.116402
0 0.391245 0.591104 0.061756 0.118717
0 0.431548 0.531746 0.049603 0.116402
0 0.421131 0.720569 0.056548 0.144841
0 0.395089 0.684028 0.054067 0.108135
0 0.524182 0.434358 0.060764 0.110780
0 0.512649 0.575066 0.092262 0.203042
0 0.562252 0.591601 0.039187 0.083333
0 0.725570 0.544312 0.070188 0.143519
0 0.811508 0.362599 0.096726 0.178902
0 0.857763 0.402447 0.077629 0.094577
0 0.857391 0.490079 0.075397 0.165344
0 0.944940 0.466766 0.086310 0.170966
0 0.984747 0.339616 0.030506 0.078704
