0 0.013407 0.312211 0.026427 0.259259
0 0.052758 0.470775 0.065008 0.210069
0 0.186343 0.561343 0.053627 0.093171
0 0.141975 0.447338 0.060571 0.124421
0 0.205536 0.404514 0.044946 0.103009
0 0.306231 0.559896 0.079282 0.332176
0 0.363137 0.508391 0.084298 0.148148
0 0.441262 0.468750 0.060764 0.212384
0 0.431327 0.847078 0.043596 0.085938
0 0.525656 0.803675 0.059414 0.131655
0 0.678916 0.230758 0.082755 0.235822
0 0.641782 0.419416 0.085648 0.220775
0 0.786073 0.319300 0.111497 0.170428
0 0.796779 0.437645 0.065779 0.109086
