0 0.165427 0.612103 0.060516 0.089947
0 0.223710 0.644676 0.062004 0.177579
0 0.349950 0.659226 0.091270 0.175595
0 0.353423 0.438988 0.067460 0.153108
0 0.419271 0.496858 0.072173 0.144511
0 0.465030 0.552745 0.082837 0.074405
0 0.549603 0.346561 0.082837 0.216270
0 0.592882 0.427579 0.051835 0.082672
0 0.634053 0.546627 0.115327 0.246032
0 0.742063 0.701389 0.060516 0.115741
0 0.825025 0.663360 0.066716 0.117725
0 0.878472 0.711971 0.063492 0.117725
0 0.930432 0.902943 0.052827 0.072421
0 0.975322 0.957672 0.049355 0.082672
