0 0.319155 0.694878 0.097801 0.224826
0 0.844329 0.556134 0.053627 0.131944
0 0.694637 0.466725 0.064429 0.130787
0 0.655382 0.532986 0.049961 0.158565
0 0.113715 0.489728 0.054205 0.084780
0 0.126929 0.547454 0.047840 0.063079
0 0.189140 0.523872 0.081983 0.146701
0 0.401042 0.366898 0.087191 0.192708
0 0.318769 0.311777 0.054205 0.076100
0 0.279514 0.458044 0.082948 0.085648
0 0.341339 0.472512 0.116319 0.228009
0 0.874711 0.324508 0.080054 0.127604
0 0.836130 0.436487 0.070023 0.111400
0 0.884259 0.455874 0.053627 0.126447
0 0.932870 0.449363 0.093750 0.109375
0 0.960069 0.395833 0.052083 0.094329
0 0.984471 0.483218 0.031057 0.170139
0 0.238812 0.592014 0.037037 0.085648
