0 0.027296 0.587240 0.041474 0.112558
0 0.058449 0.589265 0.033565 0.069734
0 0.104552 0.566262 0.067130 0.122106
0 0.158758 0.527199 0.040123 0.146991
0 0.193769 0.586082 0.059992 0.142650
0 0.330633 0.675637 0.042052 0.072917
0 0.374518 0.663194 0.057292 0.144676
0 0.432002 0.686343 0.056520 0.145833
0 0.429880 0.562500 0.079282 0.099537
0 0.482735 0.493924 0.112076 0.127315
0 0.520255 0.580150 0.064429 0.137153
0 0.586034 0.387731 0.077160 0.208912
0 0.602816 0.533131 0.070602 0.190683
0 0.615644 0.703414 0.046489 0.064236
0 0.711034 0.740885 0.054398 0.113715
0 0.786073 0.620370 0.065586 0.157407
0 0.877122 0.648727 0.037809 0.070602
0 0.907118 0.583478 0.036458 0.059896
0 0.936439 0.635417 0.053434 0.138310
0 0.965374 0.623553 0.044174 0.116898
0 0.985147 0.546875 0.029707 0.065972
