0 0.0371 0.5355 0.0703 0.1829
0 0.1860 0.5124 0.0703 0.0690
0 0.2100 0.5885 0.0586 0.1445
0 0.4727 0.3760 0.0830 0.1426
0 0.5151 0.3994 0.0498 0.1035
0 0.5066 0.5117 0.0396 0.0677
0 0.5618 0.5570 0.0952 0.1048
0 0.6011 0.6126 0.0605 0.1263
0 0.6992 0.4714 0.0840 0.1576
0 0.7000 0.6517 0.0464 0.1042
0 0.7410 0.5286 0.0688 0.1094
0 0.8037 0.5205 0.0557 0.1309
0 0.8730 0.4980 0.0801 0.1224
0 0.9688 0.4730 0.0615 0.0723
0 0.9807 0.6338 0.0376 0.1270
0 0.1023 0.5264 0.0376 0.0632
0 0.0635 0.5811 0.0381 0.0710
