0 0.021316 0.535735 0.037616 0.207465
0 0.072531 0.576100 0.072917 0.164931
0 0.178627 0.503762 0.063657 0.188657
0 0.109471 0.821325 0.064622 0.099248
0 0.188657 0.721354 0.082176 0.271991
0 0.517458 0.643229 0.101659 0.246528
0 0.572820 0.426794 0.100116 0.234375
0 0.220004 0.544994 0.046875 0.117766
0 0.282118 0.564815 0.136381 0.234375
0 0.290895 0.715278 0.069444 0.196181
0 0.346065 0.748987 0.041667 0.211516
0 0.395640 0.523438 0.087577 0.221644
0 0.391011 0.728009 0.068287 0.250000
0 0.480517 0.546296 0.103781 0.255787
0 0.722704 0.495081 0.098958 0.274884
0 0.834973 0.534578 0.095872 0.328993
0 0.952643 0.530671 0.089313 0.201389
0 0.915992 0.747106 0.089313 0.277778
