0 0.024306 0.701720 0.039187 0.082672
0 0.018105 0.656085 0.034226 0.142196
0 0.035714 0.576720 0.039683 0.062831
0 0.082961 0.560185 0.050843 0.072751
0 0.068948 0.717758 0.044147 0.139881
0 0.143353 0.590443 0.055060 0.091601
0 0.170883 0.669808 0.039683 0.088294
0 0.216394 0.632606 0.065228 0.083995
0 0.351687 0.571429 0.050595 0.099206
0 0.397941 0.565642 0.043899 0.215278
0 0.411582 0.383267 0.049851 0.061508
0 0.475322 0.440476 0.071181 0.119048
0 0.442956 0.570437 0.029762 0.134259
0 0.482267 0.675099 0.042411 0.136574
0 0.723710 0.579696 0.069940 0.156746
0 0.738715 0.425430 0.104911 0.108135
0 0.811632 0.408896 0.042907 0.071759
0 0.827629 0.528770 0.092262 0.193783
0 0.787946 0.667824 0.089286 0.165013
0 0.839906 0.699405 0.069692 0.187169
0 0.867560 0.594907 0.074901 0.142857
0 0.947297 0.602017 0.105407 0.233135
0 0.973710 0.444940 0.052579 0.081019
