0 0.046875 0.483466 0.078869 0.171958
0 0.241195 0.621032 0.069196 0.112434
0 0.274554 0.475860 0.066964 0.146164
0 0.305060 0.518022 0.048611 0.106812
0 0.296255 0.632110 0.038442 0.083664
0 0.370660 0.369048 0.090526 0.214286
0 0.485491 0.416501 0.141121 0.143849
0 0.409226 0.715608 0.120536 0.169312
0 0.480035 0.686177 0.053323 0.189815
0 0.525794 0.622685 0.080853 0.228175
0 0.588542 0.498512 0.071925 0.198743
0 0.656374 0.529597 0.078621 0.206019
0 0.617684 0.336640 0.100446 0.171958
0 0.724330 0.622354 0.078125 0.122354
0 0.805556 0.600198 0.074405 0.218254
0 0.901042 0.527447 0.059524 0.203042
0 0.930680 0.633267 0.068204 0.121032
0 0.972222 0.597388 0.055556 0.222553
0 0.972098 0.759755 0.040923 0.076389
0 0.366071 0.544312 0.022817 0.042328
0 0.400794 0.503307 0.027778 0.042989
0 0.449777 0.518188 0.015625 0.036376
