0 0.9011 0.5103 0.0767 0.1853
0 0.7627 0.5842 0.0918 0.1795
0 0.7886 0.2747 0.1143 0.1612
0 0.8584 0.3392 0.1055 0.1875
0 0.6436 0.6176 0.0918 0.3018
0 0.6821 0.4026 0.0918 0.1634
0 0.5647 0.4934 0.0972 0.2938
0 0.5015 0.4011 0.0723 0.1458
0 0.4331 0.4549 0.1221 0.4469
0 0.3584 0.5179 0.0898 0.2359
0 0.3140 0.4619 0.0947 0.1839
0 0.2754 0.3231 0.1758 0.1832
0 0.0386 0.3491 0.0742 0.4637
0 0.1208 0.4073 0.1118 0.3018
0 0.2200 0.6212 0.0913 0.2711
0 0.1257 0.7333 0.1226 0.3443
0 0.1902 0.4696 0.0825 0.1245
