0 0.104291 0.791832 0.054315 0.100198
0 0.046503 0.776290 0.059772 0.086310
0 0.031002 0.684854 0.059524 0.083333
0 0.074405 0.654101 0.079365 0.168651
0 0.128100 0.588459 0.095982 0.193452
0 0.197669 0.636574 0.049603 0.111111
0 0.250620 0.706515 0.060764 0.209325
0 0.316840 0.584160 0.094494 0.091601
0 0.333209 0.666832 0.047867 0.100198
0 0.370784 0.516534 0.049603 0.072751
0 0.403894 0.458003 0.019097 0.027778
0 0.492932 0.430886 0.045883 0.066138
0 0.715154 0.573247 0.061260 0.080357
0 0.534846 0.612765 0.072669 0.148810
0 0.497520 0.653108 0.062500 0.175265
0 0.472098 0.741237 0.050347 0.100198
0 0.439856 0.448413 0.013145 0.030423
0 0.826513 0.547950 0.049851 0.105820
0 0.881944 0.569114 0.052579 0.060185
0 0.921503 0.470403 0.068204 0.129299
0 0.931796 0.557209 0.044643 0.104497
0 0.952133 0.609292 0.046627 0.098876
0 0.979043 0.605820 0.041915 0.128968
