0 0.0242 0.6513 0.0474 0.2286
0 0.1006 0.7853 0.0557 0.1744
0 0.5535 0.7597 0.0493 0.1407
0 0.9519 0.6187 0.0942 0.2205
0 0.5757 0.5194 0.0547 0.1451
0 0.6162 0.5861 0.0840 0.2227
0 0.1912 0.6575 0.0405 0.1780
0 0.2368 0.5923 0.0684 0.2513
0 0.8103 0.6022 0.0581 0.1275
0 0.3179 0.7832 0.0664 0.1905
0 0.4299 0.4436 0.0708 0.2264
0 0.4573 0.5729 0.0806 0.1421
0 0.3152 0.5033 0.0601 0.2418
0 0.7190 0.6996 0.0913 0.1187
0 0.7786 0.6051 0.0845 0.3004
0 0.3623 0.3758 0.0674 0.1451
0 0.3687 0.7293 0.0498 0.1634
0 0.3914 0.5700 0.0493 0.0484
0 0.4172 0.6641 0.0571 0.1560
