0 0.099730 0.157118 0.075231 0.133102
0 0.088831 0.699942 0.145640 0.152778
0 0.014178 0.447772 0.027199 0.232928
0 0.079572 0.469907 0.109375 0.300347
0 0.295525 0.425203 0.092207 0.260127
0 0.362847 0.431713 0.060957 0.188079
0 0.399498 0.631655 0.054784 0.170718
0 0.455729 0.874566 0.073110 0.157118
0 0.551119 0.824074 0.111111 0.226852
0 0.550251 0.546441 0.112076 0.234086
0 0.677566 0.358941 0.099344 0.350984
0 0.750096 0.305845 0.079668 0.167824
0 0.806809 0.485098 0.103202 0.337674
0 0.839603 0.622106 0.096644 0.325810
0 0.885127 0.732494 0.122106 0.324942
0 0.666667 0.763021 0.124614 0.264468
0 0.606771 0.597078 0.072338 0.150174
0 0.575039 0.165220 0.183256 0.173032
0 0.516975 0.293692 0.063272 0.339699
0 0.461420 0.472512 0.061728 0.155671
