0 0.019097 0.644841 0.036210 0.064815
0 0.057292 0.494874 0.048115 0.051257
0 0.119544 0.538360 0.062996 0.099206
0 0.050595 0.645999 0.038194 0.182870
0 0.113591 0.731151 0.038194 0.111772
0 0.087302 0.644676 0.034722 0.107474
0 0.367932 0.720403 0.043899 0.142526
0 0.311508 0.525628 0.062004 0.078373
0 0.360243 0.532242 0.039931 0.090278
0 0.347718 0.595569 0.040675 0.115079
0 0.317832 0.608300 0.030010 0.053902
0 0.379960 0.643353 0.045139 0.102183
0 0.457713 0.571594 0.037946 0.113426
0 0.488591 0.581680 0.059524 0.105820
0 0.498512 0.666501 0.034226 0.109458
0 0.521701 0.623677 0.027530 0.060185
0 0.432664 0.646164 0.057788 0.158069
0 0.515005 0.517361 0.042411 0.045304
0 0.558284 0.504134 0.037698 0.047950
0 0.588666 0.566468 0.045387 0.100529
0 0.544891 0.555225 0.037698 0.053571
0 0.567460 0.585152 0.031250 0.094246
0 0.638889 0.662864 0.052579 0.054563
0 0.664062 0.733300 0.055308 0.141865
0 0.671131 0.608962 0.041171 0.057870
0 0.710317 0.669147 0.042659 0.077712
0 0.737351 0.651951 0.053571 0.106151
0 0.779266 0.599041 0.028274 0.061839
0 0.821677 0.459325 0.042163 0.083995
0 0.781870 0.480159 0.035466 0.050926
0 0.836310 0.543816 0.087798 0.156415
