0 0.960648 0.387876 0.057870 0.221354
0 0.928819 0.543258 0.030864 0.039062
0 0.026042 0.442708 0.051698 0.179977
0 0.170139 0.115596 0.077160 0.175058
0 0.168499 0.277778 0.083912 0.225116
0 0.091821 0.311777 0.116512 0.096933
0 0.076678 0.433883 0.054591 0.167535
0 0.059896 0.661603 0.108218 0.257812
0 0.091821 0.801794 0.061343 0.244213
0 0.272955 0.820747 0.059414 0.133391
0 0.593750 0.426939 0.050154 0.176215
0 0.747299 0.527633 0.077160 0.155961
0 0.861304 0.625145 0.053627 0.169850
0 0.462867 0.565972 0.060378 0.280671
0 0.400367 0.528212 0.059606 0.134549
0 0.209973 0.905961 0.067708 0.188079
0 0.216725 0.747830 0.143326 0.213831
0 0.309414 0.460938 0.160880 0.375000
0 0.805556 0.240741 0.096451 0.201389
0 0.744695 0.221354 0.041860 0.064236
0 0.847415 0.528212 0.087963 0.121817
