0 0.028564 0.541992 0.056152 0.167318
0 0.039062 0.416667 0.070312 0.083333
0 0.097900 0.440104 0.064941 0.147135
0 0.501709 0.347982 0.063965 0.116536
0 0.562012 0.466471 0.085938 0.180339
0 0.630127 0.289388 0.055176 0.150391
0 0.643799 0.425130 0.085449 0.106771
0 0.908203 0.362630 0.057617 0.048177
0 0.972168 0.375000 0.054688 0.072917
0 0.930664 0.429036 0.062500 0.167969
0 0.882568 0.527018 0.036621 0.063151
0 0.890625 0.569661 0.049805 0.095052
0 0.821533 0.496094 0.082520 0.191406
0 0.852539 0.418294 0.056641 0.052734
0 0.742188 0.489583 0.061523 0.111979
0 0.736328 0.402995 0.062500 0.066406
0 0.668945 0.514323 0.083008 0.144531
0 0.533691 0.564128 0.042969 0.078776
0 0.449463 0.501628 0.078613 0.180339
0 0.427490 0.553711 0.069824 0.126953
0 0.500732 0.492839 0.061035 0.148438
