0 0.0281 0.5977 0.0562 0.2122
0 0.0857 0.5980 0.0767 0.1882
0 0.1467 0.5264 0.0581 0.1543
0 0.2954 0.6455 0.1104 0.1908
0 0.3813 0.4811 0.0479 0.1003
0 0.4880 0.4619 0.0776 0.2168
0 0.5549 0.5482 0.0386 0.0352
0 0.5178 0.6432 0.0356 0.0820
0 0.5598 0.6198 0.0347 0.0286
0 0.6509 0.6979 0.0469 0.1003
0 0.7559 0.4515 0.0576 0.0671
0 0.7488 0.5153 0.0415 0.0723
0 0.7346 0.6403 0.0659 0.1751
0 0.8049 0.5863 0.0991 0.1022
0 0.9231 0.6322 0.0171 0.0508
0 0.9548 0.6182 0.0337 0.0254
0 0.9451 0.6608 0.0151 0.0417
0 0.9607 0.6455 0.0093 0.0241
0 0.9783 0.5690 0.0308 0.0638
