0 0.0105 0.5345 0.0190 0.1042
0 0.0911 0.4993 0.0786 0.0703
0 0.1707 0.5798 0.0454 0.1126
0 0.1179 0.5713 0.0669 0.0814
0 0.2056 0.6624 0.0645 0.1855
0 0.2529 0.5618 0.0820 0.2161
0 0.2888 0.6380 0.0249 0.0951
0 0.3242 0.5775 0.0664 0.1510
0 0.2185 0.3906 0.0181 0.0352
0 0.4014 0.4049 0.1143 0.1602
0 0.3987 0.5088 0.0503 0.1634
0 0.4470 0.6559 0.0571 0.1517
0 0.5564 0.6842 0.0386 0.0794
0 0.5132 0.6582 0.0469 0.0625
0 0.5190 0.5885 0.0459 0.0625
0 0.5552 0.5706 0.0586 0.1413
0 0.5950 0.5199 0.0620 0.1777
0 0.6384 0.5583 0.0249 0.0944
0 0.6770 0.6325 0.0522 0.1895
0 0.7385 0.5199 0.0972 0.0801
0 0.7485 0.6022 0.0557 0.0924
0 0.8113 0.4473 0.0776 0.1055
0 0.9290 0.5977 0.0669 0.1380
0 0.9253 0.7077 0.1045 0.1120
0 0.9841 0.6146 0.0308 0.1536
0 0.9680 0.3890 0.0581 0.0749
