0 0.9324 0.7055 0.0474 0.1421
0 0.1624 0.6853 0.0688 0.1355
0 0.2207 0.6143 0.0645 0.1634
0 0.2859 0.6766 0.0767 0.2000
0 0.3306 0.5066 0.0547 0.1604
0 0.1084 0.6516 0.0684 0.1546
0 0.0776 0.5403 0.0527 0.1209
0 0.0461 0.4766 0.0532 0.1370
0 0.0864 0.3553 0.0869 0.1245
0 0.3904 0.4744 0.0698 0.2220
0 0.4548 0.4938 0.0874 0.2227
0 0.4434 0.6212 0.0342 0.0498
0 0.4792 0.6813 0.0493 0.1568
0 0.5110 0.4593 0.0386 0.0879
0 0.5408 0.5788 0.0718 0.1846
0 0.7490 0.6359 0.0781 0.2066
0 0.6333 0.6048 0.0713 0.3480
0 0.6997 0.4311 0.1318 0.1223
0 0.7097 0.7568 0.0835 0.1978
0 0.6741 0.6828 0.0591 0.0894
0 0.4902 0.2487 0.0625 0.1443
