0 0.0811 0.4996 0.0811 0.1861
0 0.0916 0.3835 0.0581 0.0476
0 0.2217 0.4084 0.0762 0.2117
0 0.3291 0.3601 0.0586 0.1326
0 0.3442 0.2733 0.1045 0.0850
0 0.4001 0.4531 0.0933 0.2337
0 0.4783 0.4147 0.0718 0.0835
0 0.4692 0.3136 0.1182 0.1187
0 0.5623 0.3949 0.0688 0.1729
0 0.5818 0.4714 0.0347 0.0872
0 0.6001 0.2018 0.0684 0.2059
0 0.7134 0.1978 0.0439 0.1055
0 0.7080 0.3813 0.0596 0.1927
0 0.6614 0.6557 0.0864 0.1832
0 0.6870 0.5366 0.0381 0.0564
0 0.7747 0.5201 0.0972 0.2476
0 0.8367 0.5982 0.0601 0.0681
