0 0.030961 0.723958 0.060378 0.216435
0 0.955633 0.366030 0.071373 0.167245
0 0.977431 0.552228 0.044367 0.142072
0 0.846161 0.698061 0.070409 0.114294
0 0.689333 0.450810 0.058835 0.223958
0 0.640336 0.610532 0.041088 0.093171
0 0.746817 0.624566 0.063079 0.148438
0 0.689333 0.636429 0.063850 0.147280
0 0.521219 0.420718 0.047840 0.063079
0 0.557292 0.568576 0.076389 0.282986
0 0.443576 0.749566 0.045332 0.089410
0 0.207948 0.474103 0.145833 0.192419
0 0.298900 0.621383 0.064622 0.207465
0 0.317419 0.683015 0.044560 0.111979
0 0.200810 0.607494 0.077932 0.197627
0 0.239776 0.612413 0.052083 0.177373
0 0.507330 0.548322 0.048611 0.086806
0 0.465085 0.564091 0.057870 0.208623
0 0.422647 0.604456 0.050154 0.188657
