0 0.0999 0.3275 0.0405 0.0821
0 0.0798 0.4084 0.0317 0.0491
0 0.0344 0.4333 0.0688 0.0549
0 0.0859 0.5597 0.0723 0.1773
0 0.1821 0.5524 0.0547 0.1656
0 0.1436 0.6674 0.0811 0.1040
0 0.1384 0.5802 0.0562 0.0777
0 0.4971 0.3905 0.0449 0.0718
0 0.5132 0.5293 0.0420 0.1077
0 0.5457 0.5165 0.0347 0.0615
0 0.6638 0.5773 0.0513 0.0835
0 0.6831 0.4916 0.0703 0.0879
0 0.7227 0.5751 0.0322 0.0762
0 0.7678 0.4392 0.0776 0.2278
0 0.8401 0.5374 0.0728 0.1136
0 0.8315 0.6571 0.0576 0.1231
0 0.8706 0.6751 0.0566 0.1341
0 0.9111 0.6542 0.0449 0.1260
0 0.9639 0.6432 0.0137 0.0381
