0 0.064043 0.535156 0.047840 0.176215
0 0.126157 0.581019 0.091435 0.152199
0 0.179880 0.645978 0.076196 0.133391
0 0.238908 0.705729 0.060378 0.187500
0 0.202546 0.839554 0.076389 0.168692
0 0.444059 0.436487 0.067901 0.285590
0 0.405864 0.607494 0.047068 0.078993
0 0.494792 0.587963 0.058642 0.201389
0 0.618152 0.639034 0.065394 0.096933
0 0.875193 0.506944 0.081404 0.159722
0 0.784144 0.526910 0.065586 0.189815
0 0.713349 0.574074 0.057870 0.203704
0 0.657504 0.736545 0.065394 0.163484
0 0.678434 0.633247 0.068673 0.120660
