0 0.532986 0.631655 0.103395 0.366898
0 0.838542 0.659144 0.066744 0.115741
0 0.954668 0.732350 0.085262 0.202546
0 0.971258 0.477720 0.055170 0.157986
0 0.708719 0.537760 0.121142 0.325521
0 0.623939 0.605324 0.104745 0.202546
0 0.353588 0.519531 0.084877 0.229456
0 0.336709 0.315538 0.081211 0.187211
0 0.047357 0.469473 0.073110 0.230613
0 0.159915 0.514468 0.073688 0.390625
0 0.116512 0.622975 0.044753 0.140625
0 0.228492 0.507234 0.075810 0.297454
0 0.265721 0.522714 0.063465 0.177951
0 0.711806 0.780527 0.057099 0.199363
