0 0.920263 0.812996 0.076637 0.157077
0 0.362723 0.574901 0.091518 0.280093
0 0.422371 0.500165 0.103671 0.272817
0 0.220486 0.338294 0.093750 0.232804
0 0.234747 0.513062 0.130208 0.180886
0 0.096850 0.624504 0.128720 0.153770
0 0.133185 0.669974 0.088294 0.220238
0 0.607267 0.583829 0.086062 0.175595
0 0.564484 0.629134 0.079861 0.173611
0 0.512277 0.432870 0.117808 0.212963
0 0.736979 0.557870 0.090030 0.233466
0 0.597470 0.120370 0.059028 0.075397
0 0.814112 0.392526 0.127728 0.185847
0 0.840030 0.618221 0.124008 0.247024
