0 0.088735 0.389323 0.096451 0.190104
0 0.024788 0.398293 0.049190 0.103877
0 0.773148 0.680845 0.059799 0.268519
0 0.882620 0.473090 0.062693 0.167245
0 0.549576 0.655961 0.063272 0.188079
0 0.193769 0.584201 0.084684 0.182870
0 0.420718 0.262731 0.086806 0.135417
0 0.281636 0.628617 0.070216 0.217882
0 0.267843 0.483507 0.049576 0.111690
0 0.489005 0.553096 0.067515 0.195312
0 0.574074 0.475694 0.066744 0.156250
0 0.510706 0.392940 0.103974 0.131366
0 0.667342 0.706163 0.073110 0.275752
0 0.624325 0.698929 0.050347 0.184896
0 0.747975 0.446181 0.071566 0.221065
0 0.386574 0.508247 0.131559 0.120081
0 0.394579 0.438368 0.059221 0.139468
0 0.830922 0.649306 0.033758 0.052662
