0 0.856964 0.646557 0.097801 0.270544
0 0.918017 0.609954 0.079861 0.222222
0 0.975984 0.552662 0.048032 0.132523
0 0.074556 0.515480 0.055748 0.138600
0 0.021316 0.336950 0.042245 0.094618
0 0.183353 0.399306 0.084684 0.327546
0 0.314333 0.434317 0.079282 0.362847
0 0.095872 0.343027 0.086034 0.345197
0 0.473380 0.692708 0.054398 0.106481
0 0.481385 0.437934 0.078511 0.179688
0 0.655961 0.545428 0.075039 0.064236
0 0.416281 0.522714 0.075231 0.313947
0 0.368345 0.605469 0.063465 0.175637
0 0.262346 0.438513 0.074460 0.098090
