0 0.601562 0.585214 0.059992 0.079572
0 0.269579 0.679253 0.088927 0.346354
0 0.198592 0.355903 0.088927 0.356481
0 0.033758 0.671296 0.067130 0.124421
0 0.080440 0.573929 0.053627 0.170428
0 0.141397 0.520110 0.088735 0.249132
0 0.102045 0.369647 0.120756 0.165220
0 0.022377 0.381221 0.044367 0.235243
0 0.503762 0.455440 0.069637 0.328704
0 0.533372 0.474103 0.059799 0.142650
0 0.498939 0.282986 0.103974 0.115741
0 0.444541 0.453993 0.068094 0.077546
0 0.354938 0.633247 0.086034 0.169271
0 0.391397 0.524306 0.177083 0.081597
0 0.625386 0.486979 0.101852 0.131366
0 0.842303 0.629051 0.066165 0.270833
0 0.912230 0.558738 0.105324 0.214699
0 0.798225 0.595631 0.057870 0.228299
