0 0.542631 0.662182 0.077160 0.322627
0 0.783468 0.584201 0.077739 0.230324
0 0.940972 0.487558 0.086806 0.134259
0 0.423515 0.445168 0.073110 0.279225
0 0.436246 0.214265 0.073881 0.098090
0 0.471451 0.430266 0.070988 0.145833
0 0.252315 0.429253 0.066744 0.127025
0 0.172068 0.394965 0.062114 0.211806
0 0.123457 0.480324 0.076389 0.190394
0 0.082176 0.383681 0.047454 0.059028
0 0.043885 0.503617 0.063465 0.137442
0 0.357639 0.248409 0.090278 0.141493
0 0.318191 0.444589 0.039931 0.300637
0 0.276042 0.575955 0.038580 0.158275
0 0.701871 0.566551 0.085455 0.226273
0 0.637442 0.531973 0.091628 0.233507
0 0.712481 0.373409 0.149498 0.176794
