0 0.1687 0.4766 0.0610 0.0696
0 0.0586 0.3824 0.0518 0.0733
0 0.2727 0.4326 0.0337 0.0828
0 0.2285 0.4908 0.0488 0.0630
0 0.1697 0.4198 0.0513 0.0689
0 0.2285 0.3766 0.0674 0.1626
0 0.2720 0.2733 0.0850 0.1919
0 0.3577 0.5007 0.0337 0.0711
0 0.3943 0.4612 0.0474 0.1443
0 0.3391 0.3857 0.0532 0.1473
0 0.0081 0.4520 0.0161 0.0440
0 0.6907 0.5366 0.0435 0.1018
0 0.6536 0.5381 0.0513 0.1004
0 0.5691 0.4070 0.0640 0.2103
0 0.5842 0.5114 0.0640 0.1788
0 0.5925 0.2791 0.0562 0.0718
0 0.6375 0.3982 0.0562 0.1267
0 0.6899 0.2952 0.0527 0.1407
0 0.7283 0.3678 0.0425 0.0645
0 0.8010 0.4363 0.0483 0.0901
0 0.7942 0.3366 0.0532 0.1033
0 0.8484 0.4293 0.0552 0.0850
0 0.8477 0.3516 0.0537 0.0601
0 0.9663 0.4864 0.0576 0.1421
0 0.9102 0.4033 0.0586 0.1634
0 0.9905 0.5564 0.0181 0.1473
