0 0.4307 0.5374 0.0684 0.1868
0 0.4419 0.6355 0.0400 0.1092
0 0.0181 0.4777 0.0361 0.1304
0 0.0671 0.4414 0.0679 0.1707
0 0.1201 0.2637 0.0605 0.0821
0 0.0579 0.2799 0.0894 0.1700
0 0.2920 0.4941 0.0723 0.1736
0 0.2498 0.6447 0.0444 0.0557
0 0.1538 0.5275 0.0752 0.1656
0 0.1443 0.3861 0.0562 0.1040
0 0.1731 0.2736 0.0562 0.1223
0 0.2498 0.5223 0.0513 0.0982
0 0.2258 0.3868 0.0786 0.1685
0 0.6167 0.4304 0.0547 0.0960
0 0.7974 0.6114 0.0361 0.0564
0 0.6252 0.5685 0.0376 0.1275
0 0.7935 0.4352 0.0664 0.1890
0 0.7151 0.5099 0.0396 0.0542
0 0.6675 0.4744 0.0518 0.1458
0 0.7212 0.4095 0.0723 0.1451
0 0.7026 0.2751 0.0684 0.1048
0 0.9104 0.5645 0.0640 0.1326
0 0.9597 0.5967 0.0728 0.1897
0 0.2856 0.3623 0.0400 0.0549
0 0.9773 0.3037 0.0415 0.1092
0 0.1868 0.5527 0.0435 0.1223
0 0.2373 0.5747 0.0312 0.0696
