0 0.438947 0.581019 0.046103 0.059028
0 0.302951 0.445168 0.078511 0.142650
0 0.241609 0.562500 0.041474 0.081597
0 0.277103 0.542969 0.054591 0.151910
0 0.191262 0.634259 0.046875 0.086806
0 0.172357 0.587240 0.057292 0.061053
0 0.041474 0.539207 0.079090 0.113715
0 0.080343 0.560909 0.078511 0.080729
0 0.047647 0.431279 0.044753 0.098090
0 0.013117 0.469907 0.025849 0.115741
0 0.468654 0.520110 0.038002 0.089988
0 0.507234 0.587818 0.039159 0.078414
0 0.515143 0.510851 0.045332 0.085938
0 0.548515 0.515480 0.047647 0.088831
0 0.548225 0.431713 0.063272 0.107639
0 0.541667 0.327980 0.058642 0.083623
0 0.585359 0.614728 0.034529 0.049479
0 0.635417 0.648148 0.032407 0.063079
0 0.728684 0.447193 0.046875 0.138600
0 0.640914 0.346499 0.050347 0.081887
0 0.684221 0.483941 0.054398 0.116609
0 0.746624 0.587384 0.054977 0.125000
0 0.786265 0.533565 0.039352 0.118634
0 0.830633 0.533999 0.035880 0.095197
0 0.913291 0.444589 0.049576 0.141493
0 0.988329 0.499277 0.023341 0.129340
0 0.897762 0.576534 0.032407 0.070312
0 0.888792 0.527344 0.072338 0.199363
