0 0.109375 0.472656 0.064815 0.098090
0 0.075231 0.539207 0.037809 0.095197
0 0.077257 0.413628 0.055748 0.137442
0 0.274016 0.523148 0.042631 0.116898
0 0.343268 0.416233 0.059992 0.200521
0 0.381848 0.612124 0.040702 0.065104
0 0.393519 0.540799 0.057099 0.104167
0 0.410397 0.483941 0.071566 0.110822
0 0.491995 0.674190 0.046103 0.125000
0 0.564429 0.480903 0.058642 0.114583
0 0.556134 0.301071 0.050154 0.057002
0 0.533083 0.353733 0.081211 0.155961
0 0.574363 0.603733 0.044174 0.079572
0 0.532022 0.547020 0.048997 0.147859
0 0.628472 0.697338 0.039352 0.136574
0 0.667728 0.613571 0.053048 0.099248
0 0.747299 0.560475 0.052469 0.174769
0 0.810957 0.582610 0.051698 0.132234
0 0.843750 0.734520 0.033179 0.041377
0 0.734182 0.448785 0.042824 0.131366
0 0.786555 0.474682 0.051119 0.151910
0 0.944734 0.578414 0.053048 0.119792
0 0.889275 0.426071 0.064815 0.346354
0 0.321952 0.539207 0.054398 0.070312
