0 0.5623 0.5106 0.0308 0.1026
0 0.5830 0.4806 0.0312 0.0967
0 0.6829 0.6099 0.0405 0.0799
0 0.4009 0.5158 0.0479 0.0908
0 0.2021 0.4253 0.0322 0.0725
0 0.1699 0.3762 0.0635 0.1136
0 0.2239 0.3143 0.0522 0.1319
0 0.2881 0.5062 0.0410 0.1319
0 0.3069 0.4520 0.0581 0.1802
0 0.2766 0.3850 0.0513 0.0974
0 0.4521 0.5319 0.0312 0.0454
0 0.8003 0.5971 0.0293 0.0381
0 0.9211 0.5802 0.0493 0.1055
0 0.9165 0.4048 0.0430 0.1194
0 0.9829 0.3700 0.0332 0.0425
0 0.7849 0.4615 0.0542 0.1656
0 0.7598 0.5491 0.0391 0.0813
0 0.7151 0.5934 0.0259 0.0381
0 0.8333 0.4081 0.0513 0.1729
0 0.8674 0.4451 0.0337 0.0755
0 0.2551 0.5088 0.0200 0.0608
