0 0.1006 0.3308 0.0713 0.1062
0 0.1716 0.7132 0.0493 0.1194
0 0.4133 0.5176 0.0269 0.0652
0 0.4292 0.4659 0.0244 0.0366
0 0.6379 0.4546 0.0591 0.1414
0 0.6025 0.4769 0.0225 0.0337
0 0.1797 0.6128 0.0488 0.0755
0 0.0664 0.4960 0.0400 0.1480
0 0.0774 0.3890 0.0376 0.1011
0 0.1414 0.5315 0.0259 0.0916
0 0.1477 0.4912 0.0415 0.1326
0 0.5024 0.3707 0.0469 0.1700
0 0.5312 0.4352 0.0332 0.0674
0 0.5691 0.4674 0.0425 0.1421
0 0.4275 0.3886 0.0591 0.0842
0 0.4536 0.3648 0.0605 0.1055
0 0.5439 0.2319 0.0566 0.0769
0 0.7651 0.2711 0.0762 0.1348
0 0.8064 0.4465 0.0347 0.0608
0 0.8638 0.6209 0.0361 0.0667
0 0.9038 0.6308 0.0391 0.0703
0 0.8555 0.4183 0.0605 0.1392
0 0.8113 0.3245 0.0913 0.0659
0 0.9697 0.5696 0.0234 0.0491
0 0.2993 0.6073 0.0254 0.0850
