0 0.3159 0.6901 0.0498 0.0794
0 0.4226 0.6126 0.0386 0.1172
0 0.2136 0.6579 0.0532 0.0436
0 0.1160 0.6771 0.0464 0.0964
0 0.0886 0.6364 0.0415 0.0853
0 0.0833 0.4945 0.0259 0.1035
0 0.1345 0.5641 0.0493 0.0762
0 0.2708 0.5798 0.0474 0.1087
0 0.3066 0.5306 0.0449 0.1432
0 0.5491 0.6149 0.0317 0.1165
0 0.5244 0.5296 0.0361 0.0749
0 0.6550 0.6549 0.0474 0.1224
0 0.6218 0.5381 0.0757 0.1621
0 0.6082 0.6247 0.0435 0.0579
0 0.5776 0.5905 0.0635 0.0794
0 0.7158 0.6803 0.0869 0.1198
0 0.7268 0.7946 0.0269 0.0501
0 0.2354 0.5312 0.0488 0.0977
0 0.1833 0.5186 0.0444 0.0684
0 0.1646 0.4684 0.0303 0.0527
0 0.0383 0.5400 0.0522 0.0605
0 0.0305 0.4788 0.0493 0.0475
