0 0.1646 0.6791 0.0371 0.0879
0 0.1716 0.5879 0.0259 0.0418
0 0.9648 0.3894 0.0693 0.1253
0 0.7009 0.5117 0.0552 0.1443
0 0.6487 0.4886 0.0483 0.1143
0 0.6331 0.3418 0.0474 0.0681
0 0.7795 0.2714 0.0405 0.1267
0 0.6033 0.5092 0.0601 0.1861
0 0.5330 0.4740 0.0620 0.0689
0 0.5288 0.4095 0.0361 0.0923
0 0.5083 0.5216 0.0303 0.0396
0 0.4712 0.5066 0.0439 0.0799
0 0.3784 0.5194 0.0566 0.0894
0 0.3098 0.5590 0.0200 0.0645
0 0.3274 0.5051 0.0532 0.1253
0 0.3489 0.4516 0.0405 0.0579
0 0.2568 0.5311 0.0244 0.0322
0 0.2549 0.4788 0.0322 0.0623
0 0.2419 0.4209 0.0337 0.0740
0 0.1504 0.5267 0.0303 0.0381
0 0.1138 0.5220 0.0244 0.0608
0 0.0901 0.4974 0.0132 0.0527
0 0.9707 0.4703 0.0186 0.0454
