0 0.113467 0.665840 0.059772 0.145833
0 0.147321 0.638062 0.062004 0.067130
0 0.285590 0.675265 0.051835 0.075397
0 0.312252 0.513889 0.063492 0.106481
0 0.284350 0.520668 0.055804 0.186177
0 0.233259 0.498512 0.058780 0.133267
0 0.056920 0.425099 0.045883 0.135251
0 0.137525 0.454034 0.054812 0.042328
0 0.110367 0.462798 0.053571 0.053902
0 0.399926 0.538194 0.055804 0.173611
0 0.454117 0.559358 0.091270 0.081680
0 0.531622 0.528439 0.052827 0.095899
0 0.695561 0.529927 0.064236 0.125992
0 0.704489 0.622520 0.052827 0.046627
0 0.965278 0.603836 0.044147 0.104497
0 0.588790 0.543320 0.062004 0.060185
0 0.573537 0.449405 0.058780 0.049603
0 0.620784 0.470073 0.137897 0.109458
