0 0.258198 0.513889 0.073110 0.189236
0 0.121046 0.539786 0.141782 0.172743
0 0.179302 0.450810 0.046103 0.067130
0 0.349055 0.476128 0.056520 0.204572
0 0.411073 0.244792 0.045525 0.111690
0 0.446856 0.334057 0.027585 0.087674
0 0.445216 0.507668 0.135802 0.129340
0 0.531636 0.528935 0.055170 0.134259
0 0.420428 0.394531 0.066937 0.121817
0 0.746238 0.591001 0.040702 0.088831
0 0.612558 0.514468 0.046103 0.080440
0 0.702160 0.454427 0.054398 0.103299
0 0.638792 0.436921 0.073881 0.109375
0 0.805459 0.526765 0.072338 0.146701
0 0.805845 0.615162 0.034529 0.059028
0 0.825521 0.422888 0.059992 0.104456
0 0.856867 0.549045 0.031636 0.052951
