0 0.6021 0.4143 0.0781 0.1502
0 0.5598 0.5256 0.0649 0.1238
0 0.4053 0.6092 0.0498 0.0681
0 0.3960 0.4883 0.0713 0.0872
0 0.4592 0.4663 0.1147 0.1253
0 0.4561 0.4081 0.0312 0.0454
0 0.1687 0.6125 0.0532 0.0894
0 0.0286 0.4733 0.0483 0.1040
0 0.1611 0.4930 0.0439 0.1216
0 0.2009 0.4758 0.0581 0.1634
0 0.1746 0.3842 0.0620 0.0945
0 0.2659 0.5150 0.0425 0.1480
0 0.2986 0.6037 0.0366 0.0366
0 0.7405 0.4941 0.0532 0.1678
0 0.8596 0.6172 0.0610 0.1004
0 0.8274 0.5322 0.0767 0.0681
0 0.8323 0.4326 0.0825 0.1282
0 0.8979 0.3407 0.0625 0.1436
0 0.9546 0.3736 0.0498 0.1465
0 0.8906 0.5092 0.0596 0.1788
