0 0.292921 0.472078 0.028356 0.059896
0 0.243345 0.398727 0.051505 0.194444
0 0.335359 0.490741 0.053819 0.126157
0 0.564333 0.472512 0.040702 0.052662
0 0.374228 0.352141 0.046296 0.072338
0 0.408661 0.380642 0.086227 0.170428
0 0.402874 0.256655 0.104745 0.100116
0 0.479263 0.355324 0.042631 0.082755
0 0.710841 0.313513 0.084105 0.195312
0 0.791763 0.252025 0.091628 0.126157
0 0.706983 0.478733 0.054398 0.160012
0 0.737269 0.535735 0.048997 0.166377
0 0.867477 0.726852 0.051698 0.129051
0 0.801794 0.555700 0.037230 0.063947
0 0.766879 0.407407 0.050347 0.102431
0 0.824074 0.398293 0.047454 0.108507
0 0.913870 0.396123 0.065394 0.205440
0 0.968075 0.635851 0.063850 0.143808
0 0.962481 0.467159 0.075039 0.150174
0 0.971451 0.345631 0.057099 0.147280
