0 0.635045 0.614087 0.059772 0.073413
0 0.291047 0.560516 0.061260 0.121032
0 0.250620 0.491733 0.050347 0.105159
0 0.273562 0.726852 0.041667 0.044312
0 0.156498 0.449901 0.072917 0.153770
0 0.079737 0.366237 0.093006 0.067130
0 0.028026 0.569279 0.055556 0.120040
0 0.017981 0.344907 0.035466 0.120370
0 0.488591 0.511905 0.045635 0.081349
0 0.530506 0.481812 0.076885 0.139550
0 0.558036 0.439153 0.062004 0.165344
0 0.675347 0.441634 0.065972 0.077712
0 0.725818 0.501653 0.072173 0.139550
0 0.787078 0.557374 0.062748 0.147817
0 0.886161 0.599206 0.078373 0.084656
0 0.819072 0.472222 0.055804 0.068122
