0 0.657614 0.569775 0.058284 0.176587
0 0.607143 0.787202 0.041171 0.057870
0 0.492436 0.680225 0.061260 0.108466
0 0.194444 0.581184 0.071429 0.077712
0 0.170139 0.509425 0.166667 0.140542
0 0.282862 0.468585 0.047867 0.071429
0 0.382068 0.586310 0.080605 0.125000
0 0.410342 0.651455 0.051835 0.087963
0 0.450149 0.527282 0.062004 0.182870
0 0.344866 0.407407 0.153522 0.158069
0 0.605283 0.382275 0.085069 0.169312
0 0.898313 0.490245 0.086806 0.096230
0 0.896577 0.605489 0.040179 0.076720
0 0.766865 0.657573 0.055060 0.081680
0 0.089038 0.530919 0.064980 0.142526
0 0.050719 0.547619 0.073661 0.084656
0 0.021081 0.482970 0.041667 0.127315
0 0.510665 0.586971 0.040179 0.082672
0 0.545139 0.525298 0.078373 0.087632
0 0.578869 0.510417 0.072917 0.161045
0 0.533606 0.433862 0.050347 0.064153
0 0.441716 0.695437 0.059028 0.066138
