0 0.012153 0.803737 0.023810 0.132606
0 0.195685 0.543816 0.065972 0.149802
0 0.206597 0.628142 0.068948 0.107474
0 0.103795 0.536210 0.040427 0.070437
0 0.416171 0.732970 0.078869 0.234458
0 0.357267 0.601852 0.102431 0.145503
0 0.557664 0.581184 0.051835 0.102183
0 0.454861 0.513889 0.137897 0.203704
0 0.538690 0.647321 0.035714 0.034061
0 0.316220 0.656085 0.074405 0.152778
0 0.103423 0.581184 0.084325 0.069114
0 0.708333 0.725860 0.045139 0.073413
0 0.944568 0.669478 0.087054 0.151124
0 0.975818 0.637235 0.048363 0.146164
0 0.751364 0.468915 0.059772 0.146825
