0 0.101755 0.349537 0.042631 0.102431
0 0.191262 0.262731 0.056520 0.059028
0 0.181327 0.308304 0.057099 0.075521
0 0.016493 0.389468 0.032600 0.076389
0 0.029417 0.280816 0.052276 0.208623
0 0.217882 0.525897 0.047647 0.074363
0 0.211613 0.425492 0.057099 0.088831
0 0.182099 0.486979 0.022762 0.052662
0 0.472801 0.379485 0.068287 0.104456
0 0.477623 0.268953 0.076389 0.094039
0 0.349826 0.520544 0.056520 0.115741
0 0.616416 0.328848 0.090856 0.104456
0 0.609568 0.406973 0.048225 0.084780
0 0.539641 0.604311 0.055748 0.212674
0 0.307388 0.466869 0.115162 0.167535
0 0.291956 0.353733 0.044174 0.062789
0 0.277874 0.403212 0.042631 0.065104
0 0.637056 0.581597 0.073110 0.266782
0 0.985918 0.660156 0.028164 0.092882
0 0.752797 0.567130 0.073110 0.179977
0 0.699074 0.503183 0.067515 0.245949
0 0.404900 0.499421 0.053627 0.060764
0 0.442805 0.476707 0.035687 0.061053
0 0.438657 0.546441 0.084105 0.091146
0 0.474151 0.588831 0.075231 0.089120
0 0.814140 0.656539 0.022184 0.040509
0 0.740355 0.654514 0.026235 0.048611
