0 0.1428 0.6707 0.0415 0.0755
0 0.1052 0.4667 0.0610 0.0864
0 0.0901 0.5531 0.0347 0.0615
0 0.0593 0.4908 0.0396 0.0982
0 0.0178 0.4978 0.0356 0.1282
0 0.0483 0.5766 0.0381 0.0864
0 0.0786 0.3853 0.0986 0.1070
0 0.2742 0.4700 0.0591 0.1853
0 0.2998 0.5348 0.0352 0.1421
0 0.4458 0.4952 0.0645 0.1934
0 0.4966 0.3645 0.0488 0.1619
0 0.5342 0.5007 0.0332 0.0813
0 0.5083 0.5546 0.0352 0.0469
0 0.5781 0.6538 0.0713 0.1121
0 0.6001 0.5267 0.0439 0.0659
0 0.5525 0.4473 0.0493 0.1663
0 0.6411 0.5608 0.0498 0.0872
0 0.6577 0.6205 0.0381 0.0586
0 0.6790 0.4795 0.0415 0.0637
0 0.7617 0.5670 0.0361 0.0908
0 0.7144 0.4634 0.0693 0.1048
0 0.8533 0.4443 0.0454 0.1516
0 0.8091 0.3974 0.0566 0.1458
0 0.7234 0.5842 0.0396 0.1194
