0 0.927331 0.540344 0.079861 0.167328
0 0.816840 0.531581 0.109871 0.213955
0 0.769097 0.568287 0.042659 0.086971
0 0.640625 0.541832 0.042659 0.046627
0 0.076265 0.786706 0.062748 0.126984
0 0.108755 0.658565 0.048859 0.067130
0 0.036458 0.565146 0.062004 0.068122
0 0.164311 0.542824 0.033978 0.046627
0 0.140129 0.427579 0.062004 0.163360
0 0.120164 0.531415 0.029514 0.056878
0 0.352927 0.566634 0.044147 0.170304
0 0.421503 0.536210 0.069692 0.159061
0 0.495164 0.555390 0.069692 0.118717
0 0.534350 0.508763 0.040923 0.083664
0 0.595610 0.485946 0.064236 0.081680
0 0.590526 0.412202 0.040179 0.105489
0 0.406498 0.453042 0.056548 0.060847
