0 0.139468 0.521267 0.105710 0.109664
0 0.113040 0.592737 0.052855 0.073206
0 0.029707 0.668837 0.059028 0.131076
0 0.033758 0.520978 0.067130 0.195312
0 0.301987 0.408131 0.075810 0.153646
0 0.380787 0.461372 0.060571 0.218461
0 0.327643 0.508825 0.038002 0.141493
0 0.359857 0.557726 0.045332 0.119502
0 0.327353 0.269965 0.103781 0.170718
0 0.896991 0.690972 0.070988 0.104745
0 0.968461 0.556279 0.039931 0.066840
0 0.702739 0.629630 0.054012 0.133681
0 0.830536 0.450521 0.080440 0.152778
0 0.760995 0.687355 0.069059 0.095775
0 0.753954 0.779225 0.064622 0.081597
0 0.786941 0.626591 0.045332 0.059896
0 0.653549 0.637008 0.042052 0.106771
