0 0.076968 0.428675 0.092207 0.161169
0 0.190683 0.451389 0.046875 0.055556
0 0.026524 0.269821 0.052662 0.259549
0 0.172068 0.136719 0.092207 0.096354
0 0.442515 0.506221 0.064043 0.128183
0 0.582658 0.495370 0.126736 0.215856
0 0.590181 0.646123 0.095100 0.172454
0 0.684992 0.455006 0.058642 0.120660
0 0.871624 0.520544 0.088927 0.155093
0 0.885417 0.408999 0.059799 0.136285
0 0.964603 0.309751 0.070795 0.076678
0 0.984182 0.383681 0.031636 0.102431
0 0.424190 0.377604 0.053627 0.139468
0 0.475791 0.351707 0.078511 0.118924
0 0.498264 0.440972 0.076389 0.134259
0 0.573013 0.290799 0.095100 0.182870
0 0.618441 0.299045 0.067515 0.209780
