0 0.787450 0.610119 0.048115 0.121032
0 0.959077 0.474702 0.048611 0.092262
0 0.926959 0.425099 0.054315 0.089616
0 0.907118 0.330522 0.048859 0.122024
0 0.873512 0.507275 0.062004 0.103175
0 0.839782 0.549603 0.053571 0.128307
0 0.720734 0.536706 0.064980 0.081349
0 0.790923 0.395007 0.045635 0.050595
0 0.829985 0.408565 0.058780 0.081680
0 0.642113 0.521164 0.047123 0.073413
0 0.634425 0.450893 0.067460 0.100198
0 0.608011 0.610615 0.048859 0.113426
0 0.544023 0.516038 0.071181 0.186839
0 0.443080 0.514881 0.055804 0.089947
0 0.111607 0.497851 0.051091 0.105489
0 0.066220 0.453538 0.050595 0.146495
0 0.173611 0.298611 0.037202 0.099206
0 0.217386 0.303737 0.033482 0.072421
0 0.375496 0.522321 0.092262 0.149802
0 0.358879 0.408399 0.060516 0.106481
0 0.432416 0.216931 0.088542 0.248016
0 0.245660 0.374504 0.077629 0.094246
0 0.328993 0.219411 0.145089 0.203373
0 0.329737 0.357474 0.081597 0.128307
0 0.441220 0.391369 0.047123 0.140542
0 0.491319 0.439153 0.054067 0.080688
0 0.491815 0.536706 0.044147 0.100529
