0 0.5051 0.4172 0.0562 0.1531
0 0.4441 0.2707 0.0757 0.1502
0 0.3813 0.2062 0.0439 0.0828
0 0.3721 0.3890 0.0850 0.1802
0 0.4092 0.3850 0.0381 0.1092
0 0.0852 0.4253 0.0591 0.1385
0 0.1882 0.3429 0.0513 0.1436
0 0.2600 0.4579 0.1118 0.1670
0 0.2805 0.5073 0.0483 0.0989
0 0.2397 0.3853 0.1016 0.1700
0 0.6641 0.3227 0.0654 0.1370
0 0.7053 0.3637 0.0347 0.0696
0 0.7268 0.2480 0.0415 0.1458
0 0.7600 0.3788 0.0601 0.1817
0 0.8623 0.3641 0.0488 0.0762
0 0.8232 0.2718 0.0654 0.1949
0 0.8096 0.4125 0.0576 0.0791
0 0.9775 0.5293 0.0322 0.0593
