0 0.1089 0.6736 0.0684 0.1634
0 0.8718 0.5985 0.0640 0.1744
0 0.8098 0.5407 0.0552 0.1612
0 0.3855 0.5795 0.0591 0.0996
0 0.3079 0.6278 0.0698 0.1949
0 0.3528 0.3817 0.0630 0.2125
0 0.1760 0.6066 0.0591 0.1597
0 0.1506 0.4905 0.0649 0.1062
0 0.0503 0.5348 0.0391 0.0864
0 0.2095 0.3993 0.0498 0.0835
0 0.2236 0.4967 0.0537 0.1201
0 0.2588 0.5458 0.0420 0.0967
0 0.2273 0.6004 0.0503 0.0901
0 0.4150 0.4736 0.1025 0.0945
0 0.4714 0.5363 0.0483 0.0733
0 0.7224 0.4766 0.0347 0.0725
0 0.7083 0.3297 0.0737 0.1040
0 0.8884 0.2484 0.0884 0.2256
0 0.8042 0.3238 0.1211 0.1978
0 0.5608 0.3985 0.0562 0.0894
0 0.4966 0.4469 0.0596 0.1040
0 0.5061 0.3777 0.0483 0.0623
0 0.5833 0.5579 0.0542 0.0828
