0 0.1448 0.7736 0.0767 0.1568
0 0.1167 0.6897 0.0459 0.0784
0 0.9517 0.3886 0.0508 0.1004
0 0.9514 0.2560 0.0464 0.1634
0 0.8936 0.3249 0.0518 0.1062
0 0.7844 0.4223 0.0415 0.1267
0 0.8589 0.5081 0.0303 0.0608
0 0.7561 0.3238 0.0649 0.1729
0 0.6948 0.3370 0.0459 0.1744
0 0.5811 0.5304 0.0645 0.1407
0 0.5310 0.4626 0.0679 0.0974
0 0.4800 0.4722 0.0293 0.1077
0 0.1721 0.4700 0.0493 0.1531
0 0.3132 0.6201 0.0649 0.1707
0 0.2759 0.4788 0.0703 0.1560
0 0.2937 0.3473 0.0503 0.1172
0 0.3491 0.3143 0.0645 0.1480
0 0.3535 0.6289 0.0449 0.1795
0 0.3904 0.5663 0.0464 0.1333
0 0.3889 0.4440 0.0845 0.1260
0 0.1340 0.3352 0.0405 0.1648
0 0.0754 0.3692 0.0913 0.0410
0 0.5107 0.3000 0.0420 0.0418
0 0.2146 0.4227 0.0815 0.1890
0 0.8838 0.4176 0.0469 0.0484
