0 0.329186 0.692130 0.078511 0.097222
0 0.418981 0.539641 0.047454 0.092014
0 0.264371 0.476707 0.073110 0.180845
0 0.402778 0.344473 0.067515 0.172743
0 0.552951 0.202402 0.061921 0.190104
0 0.662230 0.402778 0.050154 0.065972
0 0.640529 0.279369 0.090856 0.151910
0 0.167245 0.273148 0.084105 0.186921
0 0.014082 0.422598 0.027778 0.183738
0 0.084587 0.605903 0.032986 0.106481
0 0.112847 0.651765 0.048225 0.132234
0 0.113812 0.417245 0.048997 0.080440
0 0.093846 0.354745 0.091628 0.170718
0 0.514082 0.445168 0.086034 0.113715
0 0.573302 0.476128 0.048997 0.084780
0 0.548611 0.505208 0.054398 0.101273
0 0.594329 0.522135 0.050926 0.116609
0 0.816262 0.466869 0.059221 0.146701
0 0.891300 0.631800 0.045332 0.083623
0 0.882620 0.456597 0.062693 0.142361
0 0.923997 0.286603 0.075231 0.201678
0 0.959394 0.381076 0.081211 0.237847
