0 0.6824 0.6707 0.0522 0.0652
0 0.0923 0.5919 0.0850 0.1143
0 0.1040 0.6751 0.0488 0.1048
0 0.1841 0.6073 0.0371 0.0703
0 0.2395 0.5652 0.0542 0.1018
0 0.1934 0.4908 0.1025 0.0879
0 0.4353 0.3245 0.0425 0.0542
0 0.4358 0.2729 0.0776 0.1414
0 0.4980 0.2744 0.0469 0.0960
0 0.5037 0.3817 0.0405 0.0864
0 0.4514 0.3502 0.0796 0.0777
0 0.5483 0.4007 0.0381 0.1158
0 0.6057 0.5476 0.0454 0.0886
0 0.6365 0.4656 0.0542 0.1473
0 0.6069 0.4410 0.0205 0.0747
0 0.5579 0.3106 0.0815 0.1070
0 0.7761 0.6015 0.0806 0.1011
0 0.7170 0.6275 0.0562 0.0652
0 0.8298 0.4960 0.0610 0.1333
0 0.9800 0.5502 0.0391 0.0982
0 0.7104 0.5795 0.0410 0.0469
0 0.2617 0.6275 0.0498 0.0535
