0 0.034819 0.565538 0.069252 0.147859
0 0.351177 0.421441 0.032986 0.091146
0 0.286362 0.474537 0.073110 0.193287
0 0.887442 0.551649 0.055748 0.167535
0 0.832465 0.536603 0.033758 0.104456
0 0.804205 0.499421 0.044753 0.170718
0 0.602238 0.542390 0.044753 0.095197
0 0.549961 0.481047 0.073688 0.222512
0 0.586130 0.443142 0.046875 0.103299
0 0.446952 0.491175 0.041281 0.166377
0 0.478299 0.428530 0.101273 0.159144
0 0.180652 0.370370 0.035301 0.077546
0 0.119695 0.339844 0.023341 0.055845
0 0.991127 0.585938 0.017747 0.064236
