0 0.4700 0.6341 0.0454 0.1062
0 0.4280 0.5901 0.0601 0.0711
0 0.3687 0.5289 0.0654 0.1436
0 0.4163 0.4410 0.0698 0.1319
0 0.2805 0.3136 0.0601 0.1040
0 0.2126 0.4190 0.0552 0.0952
0 0.2900 0.5040 0.0527 0.1465
0 0.1428 0.6267 0.0698 0.1531
0 0.1934 0.5249 0.0586 0.0696
0 0.2493 0.5418 0.0337 0.0974
0 0.1707 0.4670 0.0718 0.0857
0 0.1223 0.4927 0.0894 0.1443
0 0.1748 0.2652 0.0713 0.1319
0 0.5867 0.6513 0.0474 0.1670
0 0.5244 0.5626 0.0547 0.2359
0 0.5889 0.4004 0.0801 0.1971
0 0.9270 0.5245 0.0474 0.1597
0 0.9509 0.4919 0.0386 0.0989
0 0.8882 0.3249 0.0615 0.1634
0 0.7532 0.5088 0.0933 0.2044
0 0.7366 0.5601 0.0317 0.0579
0 0.8000 0.4425 0.0767 0.0835
0 0.8735 0.4919 0.0674 0.1941
