0 0.353877 0.586227 0.037230 0.089699
0 0.282986 0.644097 0.042824 0.157986
0 0.507909 0.528791 0.057099 0.161169
0 0.235436 0.421296 0.049576 0.122685
0 0.129630 0.534144 0.064043 0.047454
0 0.606481 0.603299 0.051698 0.123843
0 0.909915 0.435909 0.060571 0.121817
0 0.968750 0.325231 0.062500 0.061921
0 0.133488 0.581597 0.033179 0.043403
0 0.230903 0.325810 0.102623 0.135417
0 0.528935 0.451389 0.045525 0.156829
0 0.719136 0.424045 0.038580 0.094039
0 0.684221 0.482928 0.042052 0.141782
0 0.718364 0.557870 0.033179 0.078704
0 0.680845 0.576968 0.047647 0.081597
0 0.632909 0.521123 0.048225 0.160301
0 0.573688 0.550926 0.050154 0.151620
0 0.596547 0.459925 0.053434 0.140336
0 0.313272 0.413773 0.037037 0.048032
0 0.299383 0.380353 0.035494 0.090567
0 0.269869 0.483796 0.044753 0.118056
0 0.189140 0.446615 0.035687 0.072049
0 0.215760 0.527344 0.029900 0.066262
0 0.907118 0.544271 0.054977 0.043403
0 0.963252 0.414641 0.038002 0.067130
0 0.156250 0.443142 0.026235 0.045428
