0 0.205247 0.630208 0.067901 0.167824
0 0.101080 0.556713 0.057099 0.092593
0 0.030093 0.273148 0.058642 0.314815
0 0.292052 0.744792 0.093364 0.385417
0 0.300926 0.492477 0.081790 0.114583
0 0.283951 0.364583 0.094136 0.317130
0 0.402778 0.294560 0.070988 0.230324
0 0.383488 0.651620 0.084877 0.317130
0 0.577546 0.596644 0.077932 0.329861
0 0.628472 0.491319 0.073302 0.283565
0 0.354167 0.112847 0.092593 0.096065
0 0.360725 0.038194 0.114969 0.074074
0 0.857253 0.559606 0.075617 0.339120
0 0.891975 0.319444 0.109568 0.141204
0 0.915123 0.478588 0.061728 0.156250
0 0.977623 0.405671 0.044753 0.158565
0 0.847994 0.195602 0.097222 0.252315
