0 0.141204 0.463542 0.101852 0.390046
0 0.034336 0.755208 0.067130 0.267361
0 0.337963 0.755787 0.084877 0.138889
0 0.256173 0.624421 0.074074 0.195602
0 0.237654 0.731481 0.054012 0.164352
0 0.145448 0.736690 0.067130 0.204861
0 0.180556 0.881366 0.057099 0.237269
0 0.560185 0.797454 0.086420 0.155093
0 0.672840 0.333912 0.069444 0.123843
0 0.614198 0.443287 0.095679 0.347222
0 0.681713 0.647569 0.070216 0.295139
0 0.937886 0.621528 0.068673 0.238426
0 0.820988 0.435764 0.109568 0.156250
0 0.818673 0.738426 0.083333 0.261574
0 0.848765 0.607639 0.125000 0.231481
0 0.694830 0.479745 0.110340 0.197917
