0 0.748457 0.557292 0.070988 0.149306
0 0.942130 0.581597 0.074074 0.158565
0 0.607253 0.711227 0.077160 0.306713
0 0.344907 0.737847 0.086420 0.306713
0 0.401235 0.643519 0.080247 0.254630
0 0.194059 0.472222 0.070216 0.196759
0 0.176698 0.792245 0.077160 0.283565
0 0.067515 0.853588 0.090278 0.292824
0 0.070216 0.549769 0.094136 0.312500
0 0.192901 0.117477 0.069444 0.232639
0 0.131173 0.287616 0.091049 0.165509
0 0.102623 0.138889 0.100309 0.275463
0 0.620756 0.460069 0.074846 0.114583
0 0.693287 0.547454 0.060957 0.282407
0 0.616127 0.355324 0.064043 0.157407
