0 0.6333 0.6026 0.1445 0.4593
0 0.5071 0.6205 0.0874 0.2960
0 0.3711 0.7582 0.0869 0.3604
0 0.0386 0.8634 0.0762 0.1297
0 0.1738 0.7538 0.0908 0.2447
0 0.0210 0.7066 0.0410 0.1824
0 0.3037 0.7755 0.0615 0.1795
0 0.2429 0.6498 0.0728 0.1451
0 0.6726 0.3223 0.1792 0.4425
0 0.5173 0.2143 0.0933 0.4125
0 0.2515 0.3846 0.1250 0.4205
0 0.1106 0.2059 0.0903 0.2872
0 0.8931 0.5165 0.0986 0.3531
0 0.9802 0.4894 0.0386 0.1656
0 0.9819 0.7897 0.0352 0.2842
0 0.9407 0.7114 0.0884 0.2989
0 0.4248 0.6894 0.0566 0.3267
