0 0.3816 0.6919 0.0688 0.1121
0 0.0376 0.7996 0.0742 0.3040
0 0.0864 0.5147 0.0957 0.3890
0 0.0244 0.3432 0.0488 0.1766
0 0.1646 0.5432 0.0703 0.1502
0 0.2566 0.5645 0.0630 0.2410
0 0.3516 0.5612 0.0518 0.0747
0 0.4373 0.4092 0.0884 0.3744
0 0.5085 0.4033 0.0513 0.1678
0 0.7153 0.6121 0.1113 0.3875
0 0.8325 0.6147 0.0801 0.2066
0 0.8418 0.3476 0.1377 0.3187
0 0.9609 0.3037 0.0771 0.4344
0 0.6482 0.4564 0.0981 0.3736
0 0.5950 0.5103 0.0981 0.4125
0 0.5771 0.0700 0.0557 0.0960
0 0.7529 0.3652 0.0654 0.1575
0 0.0239 0.4894 0.0371 0.1128
