0 0.647377 0.762153 0.078704 0.288194
0 0.702546 0.565394 0.096451 0.193287
0 0.418981 0.615162 0.100309 0.302083
0 0.545525 0.453125 0.112654 0.385417
0 0.423611 0.373264 0.148148 0.186343
0 0.285880 0.639468 0.081019 0.225694
0 0.219907 0.696181 0.103395 0.343750
0 0.253858 0.471065 0.080247 0.150463
0 0.068673 0.682292 0.075617 0.278935
0 0.044367 0.381944 0.087191 0.111111
0 0.023920 0.540509 0.046296 0.231481
0 0.060185 0.847801 0.118827 0.184028
0 0.108410 0.519676 0.111883 0.166667
0 0.366127 0.623843 0.051698 0.201389
