0 0.9553 0.7168 0.0728 0.2103
0 0.7065 0.1974 0.0605 0.2366
0 0.7554 0.1832 0.0439 0.1114
0 0.8035 0.5524 0.0923 0.3678
0 0.7371 0.5553 0.0610 0.2901
0 0.8613 0.5509 0.0684 0.1201
0 0.8950 0.6832 0.0635 0.2073
0 0.4304 0.7256 0.0747 0.2044
0 0.3660 0.5571 0.0737 0.2308
0 0.3215 0.5190 0.0464 0.2234
0 0.1609 0.7037 0.0796 0.2396
0 0.0273 0.6026 0.0537 0.4125
0 0.0718 0.7007 0.0420 0.1516
0 0.0994 0.6315 0.0854 0.2374
0 0.9880 0.5549 0.0229 0.1238
0 0.4058 0.6747 0.0518 0.2212
0 0.4011 0.5150 0.0366 0.0967
