0 0.4565 0.7930 0.0859 0.1985
0 0.6445 0.6139 0.0645 0.2403
0 0.5706 0.6385 0.0679 0.1985
0 0.7834 0.6073 0.0718 0.4425
0 0.9712 0.5872 0.0566 0.1121
0 0.9326 0.4678 0.0635 0.1810
0 0.8367 0.3418 0.0825 0.3377
0 0.8831 0.4879 0.1079 0.3282
0 0.4807 0.5692 0.0640 0.2637
0 0.4231 0.8352 0.0522 0.1158
0 0.3359 0.8227 0.0625 0.2227
0 0.3247 0.4440 0.0986 0.1846
0 0.3176 0.5875 0.0972 0.1304
0 0.3840 0.6685 0.0962 0.2293
0 0.1814 0.7403 0.1021 0.1868
0 0.1396 0.6128 0.1104 0.1341
0 0.2812 0.7546 0.0723 0.1480
