0 0.031250 0.762153 0.060957 0.156250
0 0.194059 0.872685 0.119599 0.254630
0 0.909336 0.693287 0.056327 0.192130
0 0.814815 0.516782 0.061728 0.223380
0 0.859182 0.532986 0.056327 0.232639
0 0.720679 0.679977 0.086420 0.230324
0 0.414738 0.843171 0.097994 0.223380
0 0.290509 0.876736 0.074846 0.246528
0 0.314043 0.836227 0.097222 0.281250
0 0.540123 0.410301 0.103395 0.290509
0 0.659722 0.623264 0.066358 0.221065
0 0.130015 0.664352 0.102623 0.162037
0 0.535494 0.651620 0.055556 0.212963
0 0.591049 0.593171 0.094136 0.371528
0 0.460262 0.685185 0.107253 0.238426
0 0.427469 0.564815 0.044753 0.060185
