2025	682
2038	678
2041	660
2036	650
2037	781
2042	818
2044	845
2043	872
1608	740
1613	700
1622	728
1623	755
1636	725
1640	703
1641	773
1624	787
1555	735
1558	704
1575	756
1585	724
1595	688
1598	756
2040	737
2017	728
2030	711
1992	704
2005	703
1524	695
1561	799
1530	797
1519	780
1547	776
1594	777
1569	780
1590	802
1507	759
1512	741
1527	762
1532	742
1533	717
1792	385
1801	350
1806	430
1815	399
1820	423
1754	456
1755	479
1762	429
1782	443
1784	416
1767	464
1724	384
1735	393
1745	362
1754	386
1766	339
1779	360
1577	614
1583	628
1594	607
1598	624
1573	645
1569	663
1518	635
1519	606
1521	648
1534	599
1540	638
1548	622
1548	656
1533	511
1491	508
1559	501
1504	480
1517	575
1490	543
1521	538
1511	529
1474	503
1452	500
1436	498
1441	480
1464	477
1416	473
1388	546
1462	536
1439	531
1387	516
1417	511
1450	509
1485	526
1466	598
1428	591
1446	584
1457	564
1418	557
1490	590
1478	573
1470	649
1437	639
1413	629
1461	623
1443	617
1491	623
1484	634
1476	619
1503	640
1476	720
1477	761
1491	746
1496	779
1468	674
1479	697
1488	670
1502	681
1503	699
1510	671
1432	664
1445	681
1451	653
1453	698
1417	718
1421	739
1447	720
1448	752
1382	691
1383	663
1403	694
1410	660
1419	681
1427	701
1446	451
1459	449
1428	447
1480	444
1410	361
1422	350
1423	388
1443	377
1454	371
1471	422
1451	420
1409	415
1435	409
1472	401
1347	408
1398	393
1345	380
1366	378
1390	353
1331	462
1348	445
1399	441
1327	429
1373	471
1316	845
1323	833
1309	827
1337	815
1309	809
1349	833
1380	831
1397	828
1367	812
1394	809
1320	778
1336	768
1316	763
1328	747
1377	796
1351	789
1376	773
1349	763
1377	748
1356	742
1328	672
1356	668
1327	662
1343	650
1323	640
1367	640
1319	728
1374	717
1341	710
1320	709
1326	688
1354	686
1391	723
1397	734
1373	903
1404	897
1380	884
1398	864
1374	855
1374	921
1404	841
1340	917
1336	901
1356	883
1323	875
1346	859
1352	924
1340	516
1359	503
1327	488
1358	475
1295	522
1278	510
1306	500
1291	489
1302	474
1353	543
1331	532
1315	526
1366	524
1337	589
1366	587
1405	573
1355	565
1329	562
1286	586
1308	581
1281	555
1300	549
1285	536
1309	614
1286	618
1383	625
1356	619
1334	617
1383	601
1128	585
1082	579
1105	579
1099	555
986	603
989	580
996	619
1020	598
1009	646
1074	647
1035	638
1060	637
1052	616
1070	608
1050	590
953	657
978	652
940	637
971	623
955	618
1126	701
1103	657
1120	643
1130	628
1105	622
1127	608
1120	679
1099	719
1057	716
1094	687
1047	675
1068	670
920	675
934	671
943	711
960	686
965	723
967	747
984	708
998	673
1002	722
1023	692
995	750
989	779
1016	780
1030	762
1082	793
1059	774
1080	758
1066	749
1036	740
1088	738
1051	834
1017	832
1065	817
1042	800
999	806
988	818
1056	568
1012	561
1056	548
977	461
1022	453
992	433
1004	414
1000	398
975	385
976	364
912	404
914	379
939	390
944	368
958	403
920	484
935	470
911	459
958	439
923	436
947	497
971	498
868	447
870	418
882	398
885	438
891	470
801	232
801	174
819	202
840	213
738	200
746	205
752	240
766	188
767	224
772	165
747	183
707	278
737	272
707	250
730	250
727	223
819	317
759	295
797	287
823	282
767	265
822	251
784	248
762	385
782	369
760	352
779	340
707	421
712	402
732	431
743	409
761	415
701	375
733	375
716	350
740	323
697	317
720	307
443	348
460	368
466	349
496	370
482	396
450	399
396	423
418	411
349	408
379	399
414	382
358	377
345	432
362	463
369	439
666	448
693	454
333	353
359	344
376	358
397	358
418	346
422	359
316	514
299	506
321	482
292	474
331	455
292	447
365	526
315	419
281	403
298	398
324	391
273	379
303	364
285	343
318	333
311	731
322	673
331	705
335	646
349	671
376	670
371	695
358	647
405	687
303	537
310	583
318	565
328	598
329	541
339	569
310	616
340	621
348	591
239	567
251	579
276	555
284	583
263	631
219	624
288	623
262	607
220	594
139	696
167	680
196	673
147	665
223	646
233	692
235	658
255	676
256	696
273	654
171	768
142	754
127	736
133	727
154	721
178	711
174	757
166	746
200	779
225	756
194	745
238	725
212	721
205	696
