1596	757
1607	784
1621	754
1626	780
1644	768
1649	797
1693	791
1675	786
1710	773
1674	757
1688	746
1715	793
1555	769
1557	808
1577	781
1579	747
1694	840
1722	839
1704	831
1711	819
1730	816
1722	783
1681	814
1676	847
1659	844
1612	851
1576	845
1561	833
1602	833
1585	812
1624	809
1636	833
1744	768
1749	807
1760	832
1777	805
1777	823
1752	852
1744	875
1741	894
1677	572
1692	559
1711	575
1725	560
1738	559
1734	584
1765	585
1754	632
1712	629
1699	613
1759	612
1729	602
1712	601
1736	674
1711	663
1735	659
1698	649
1737	644
1720	745
1700	733
1731	720
1713	705
1743	704
1980	828
1982	846
2000	822
2003	783
2015	806
1981	803
1975	783
1991	833
1928	836
1947	859
1963	830
1964	864
1965	849
1876	789
1933	798
1946	798
1949	779
1951	761
1935	813
1966	748
1863	849
1873	821
1881	838
1885	802
1892	825
1823	830
1837	804
1842	840
1852	797
1854	822
1809	804
1791	836
1794	865
1824	860
1772	751
1773	778
1803	778
1805	755
1832	777
1816	731
1795	730
1765	721
1782	709
1792	689
1767	688
1646	866
1653	890
1666	867
1674	894
1683	867
1573	895
1616	878
1588	872
1564	869
1707	920
1731	917
1732	897
1718	893
1721	874
1727	861
1643	930
1678	919
1666	918
1651	908
1692	904
1632	901
1624	922
1594	928
1596	899
1679	961
1703	956
1666	944
1692	936
1608	951
1662	637
1667	589
1671	615
1685	623
1691	595
1691	636
1671	653
1617	700
1631	696
1646	681
1662	702
1683	718
1688	684
1644	705
1664	729
1652	740
1580	571
1621	570
1623	543
1647	568
1657	552
1570	589
1587	602
1618	620
1634	599
1642	627
1543	719
1560	695
1564	727
1580	708
1583	683
1590	727
1546	670
1572	663
1587	647
1562	641
1573	618
1543	616
1633	663
1621	645
1628	639
1503	643
1504	605
1516	628
1527	597
1534	636
1498	730
1512	716
1524	691
1507	678
1525	661
1433	699
1438	677
1459	695
1466	676
1474	707
1488	697
1479	655
1416	667
1433	651
1450	635
1438	617
1479	623
1467	609
1473	595
1492	582
1431	770
1350	763
1395	756
1372	752
1419	747
1316	816
1316	781
1338	806
1339	778
1405	818
1372	812
1411	799
1359	786
1381	782
1431	807
1327	851
1336	839
1361	842
1387	837
1432	902
1467	882
1457	862
1421	860
1447	843
1423	835
1008	687
989	686
1021	677
989	668
1020	660
998	651
938	658
959	643
910	635
933	629
957	612
1029	715
1033	666
1033	691
1046	713
1038	738
1052	750
1019	740
1026	764
1002	782
1001	758
996	735
1001	710
986	771
1028	635
978	620
1002	611
1023	608
1011	591
999	586
971	585
1012	562
993	557
950	581
939	560
962	537
992	535
935	524
973	518
948	516
971	731
945	709
964	701
942	683
964	677
952	725
966	751
852	552
853	593
865	587
929	542
920	576
912	606
935	599
1363	869
1391	868
1412	885
1433	877
851	823
870	842
882	815
899	838
881	864
903	858
864	878
854	859
829	855
839	846
813	843
830	826
810	824
794	863
795	882
810	866
829	886
832	873
847	881
825	925
806	913
839	905
792	901
816	895
775	822
778	844
795	843
795	821
806	662
835	656
828	639
801	592
807	577
828	579
832	599
827	672
795	562
813	557
831	551
846	568
778	638
789	618
800	641
818	617
847	619
852	635
734	690
755	680
741	651
762	639
773	661
793	678
733	722
738	709
752	723
760	706
781	701
792	726
830	748
805	745
825	722
804	717
799	708
822	693
888	750
860	731
885	724
878	703
851	700
869	684
848	804
895	795
871	790
845	784
896	775
866	759
778	799
791	798
817	776
791	772
818	800
805	804
727	629
730	604
747	625
752	607
768	611
722	558
735	566
739	552
756	574
758	566
741	580
752	588
777	589
704	601
710	608
711	571
712	588
715	622
694	740
699	720
707	736
712	701
702	679
717	667
694	661
691	647
707	645
657	694
658	714
668	732
670	695
677	712
681	727
685	682
671	670
685	779
629	775
643	775
673	770
607	756
613	721
639	723
642	746
559	856
575	848
586	836
553	832
576	821
638	832
653	845
671	831
530	780
550	763
552	774
569	759
593	779
592	811
521	807
547	806
610	797
565	791
637	806
667	799
468	762
469	733
488	782
499	733
503	756
457	835
466	807
478	827
486	847
494	802
507	832
526	848
502	864
543	867
399	728
407	745
417	715
429	769
438	745
447	708
414	795
442	787
438	819
304	690
305	730
310	712
331	702
340	728
345	696
346	794
325	776
337	751
314	748
326	811
303	771
302	795
292	595
341	586
311	581
328	578
310	552
328	551
348	610
223	547
238	556
247	525
247	535
250	576
221	595
247	601
239	623
215	626
269	631
267	600
282	558
266	541
271	530
285	527
343	667
301	654
323	652
346	634
303	629
328	620
288	740
285	710
257	689
282	679
270	658
251	784
256	817
256	755
281	769
281	793
207	765
215	751
216	782
228	794
233	763
123	733
158	725
103	718
137	718
149	706
114	695
210	723
242	720
104	671
154	670
88	651
153	648
210	653
238	650
234	682
207	689
223	702
