1624	666
1634	728
1645	713
1657	701
1623	713
1665	724
1672	744
1648	746
1587	683
1592	673
1597	660
1603	685
1608	675
1619	681
1582	656
1566	654
1556	651
1573	647
1580	640
1563	639
1593	647
1614	658
1550	675
1555	663
1562	678
1566	668
1576	667
1512	631
1500	622
1530	616
1534	596
1539	632
1541	648
1496	658
1499	679
1505	691
1512	649
1512	678
1523	691
1463	648
1476	633
1477	660
1479	648
1486	673
1489	639
1474	672
1464	714
1452	713
1476	698
1453	694
1471	683
1491	688
1423	741
1428	723
1434	734
1439	748
1441	716
1445	728
1422	706
1426	676
1426	689
1438	703
1438	688
1446	679
1414	766
1435	764
1405	758
1421	756
1411	804
1419	793
1412	783
1422	775
1403	773
1432	783
1403	741
1415	734
1398	727
1412	718
1402	710
1392	714
1396	678
1396	691
1409	698
1412	669
1413	681
1391	703
1673	761
1678	787
1682	751
1683	798
1688	778
1672	814
1628	785
1633	769
1636	801
1650	781
1656	763
1641	819
1656	809
1663	798
1611	843
1615	773
1615	784
1621	826
1625	750
1621	802
1553	823
1563	842
1570	813
1578	826
1588	846
1596	820
1372	809
1376	783
1381	774
1386	800
1324	792
1339	802
1339	779
1349	789
1355	806
1364	792
1313	736
1318	777
1319	756
1332	746
1345	759
1352	747
1358	773
1371	769
1293	835
1305	823
1286	818
1308	807
1284	801
1280	785
1282	772
1283	751
1294	767
1294	746
1299	785
1312	839
1321	856
1331	845
1346	853
1353	863
1333	870
1360	849
1350	839
1349	823
1326	821
1306	871
1286	869
1276	863
1300	853
1284	852
1274	840
1329	899
1361	899
1342	897
1356	884
1334	883
1346	881
1315	914
1300	906
1309	900
1315	888
1294	888
1325	925
1330	911
1344	926
1346	911
1353	936
1363	920
1103	878
1103	890
1111	879
1121	888
1112	896
1133	885
1134	869
1119	872
1097	861
1099	838
1100	847
1108	864
1114	853
1124	856
1093	900
1079	900
1073	894
1088	885
1071	882
1058	881
1055	852
1064	866
1066	851
1079	862
1000	932
1001	911
1011	896
1013	919
1019	910
1000	950
975	952
976	980
983	963
991	983
995	966
980	994
965	844
966	857
974	846
976	862
986	933
976	925
962	915
984	907
970	900
983	898
954	953
956	987
963	938
967	996
968	966
969	1011
949	886
954	873
962	878
963	888
976	878
998	889
945	929
917	928
924	919
933	915
944	900
925	899
883	902
874	901
895	901
878	892
884	886
934	883
937	874
924	870
924	856
937	993
942	974
933	956
937	941
929	1009
930	1024
951	1009
951	1024
930	845
909	845
914	841
914	831
928	828
918	812
900	887
901	857
911	874
914	856
918	887
903	993
923	985
918	1004
874	871
889	870
880	853
894	843
890	835
881	944
886	935
899	933
883	918
901	915
895	943
911	944
923	945
535	806
536	824
545	793
548	825
548	813
560	793
559	776
572	781
510	801
517	820
520	782
525	792
474	800
482	825
491	806
502	786
502	823
552	888
569	884
578	883
569	867
552	867
544	855
560	855
530	852
551	847
541	839
548	919
564	919
552	904
572	900
585	899
581	920
549	933
568	935
531	926
478	879
494	879
505	896
517	888
533	874
531	900
524	914
510	861
492	858
502	844
478	843
521	838
460	846
462	834
467	863
468	819
542	771
571	763
554	760
567	754
542	752
582	749
560	741
579	735
568	727
586	723
600	729
592	736
545	726
527	737
489	767
500	764
507	758
522	773
527	756
467	746
477	736
481	748
490	736
505	742
435	731
437	746
452	733
453	751
462	724
434	778
440	763
450	772
468	768
479	758
481	780
537	695
550	710
556	699
571	699
604	707
526	683
507	680
488	679
529	669
485	664
559	677
575	686
604	684
476	716
480	697
494	709
511	717
517	700
530	714
440	668
441	702
448	686
455	702
463	666
467	682
427	743
417	741
406	736
407	724
420	712
408	710
449	715
391	684
397	673
408	687
436	688
428	823
428	838
432	853
445	836
447	823
449	859
424	870
427	891
444	878
452	895
463	877
399	852
405	830
411	860
416	846
415	813
433	812
421	798
394	793
458	806
441	790
459	784
387	925
396	915
382	911
404	907
388	903
411	898
374	893
375	875
392	890
395	873
408	883
327	908
361	901
342	894
329	893
354	886
357	873
361	833
350	830
355	805
375	794
337	869
386	864
364	862
347	854
361	847
383	846
348	943
367	937
366	917
344	914
335	929
299	789
306	812
313	796
323	811
329	791
338	808
359	743
375	743
393	727
399	742
356	780
375	774
387	774
383	762
361	757
393	757
410	775
290	768
303	776
306	764
319	774
341	776
341	755
232	749
212	740
202	734
217	726
83	834
112	831
99	826
90	817
108	813
118	803
128	809
134	832
145	816
146	838
125	870
81	866
95	864
106	859
84	850
115	848
140	866
127	852
79	891
90	881
103	892
106	906
106	874
148	914
151	879
153	898
164	887
114	911
118	882
120	896
135	909
135	878
139	891
132	919
