2018	876
1993	874
2033	865
2013	858
1987	852
1989	830
1969	827
1973	810
1987	795
1964	788
2021	673
2025	703
2027	727
2045	683
2036	756
2012	745
2018	769
1993	720
1966	708
1972	691
1992	690
1979	674
1999	668
2029	954
2021	931
1999	923
2036	911
2015	901
1992	770
1963	764
1980	740
1955	740
1666	540
1681	553
1687	577
1687	512
1673	510
1591	384
1563	374
1612	373
1601	351
1562	429
1567	466
1586	455
1595	416
1620	399
1620	438
1537	350
1576	328
1533	317
1573	302
1486	429
1498	392
1509	447
1513	420
1523	374
1537	396
1515	397
1534	429
1558	768
1568	745
1590	772
1601	746
1620	742
1615	768
1601	803
1580	793
1621	803
1523	609
1551	613
1551	595
1568	612
1578	603
1599	660
1521	744
1522	768
1531	781
1539	751
1543	791
1532	726
1489	724
1513	718
1541	704
1579	716
1485	700
1489	677
1507	655
1519	681
1472	795
1501	792
1474	776
1493	764
1478	751
1795	861
1823	856
1807	840
1826	840
1836	919
1837	894
1851	867
1854	907
1818	907
1834	959
1851	938
1781	938
1803	930
1771	906
1791	903
1808	887
1776	879
1805	956
1464	847
1468	866
1471	818
1490	842
1490	866
1504	819
1529	876
1537	850
1518	848
1533	826
1528	810
1506	905
1484	893
1461	884
1511	882
1477	913
1394	343
1405	318
1422	347
1432	308
1447	333
1453	355
1454	303
1502	336
1506	355
1400	396
1413	383
1439	381
1399	367
1409	461
1445	455
1423	454
1445	431
1401	425
1425	412
1494	543
1451	531
1422	514
1473	511
1441	490
1407	481
1411	575
1416	551
1431	584
1433	549
1371	605
1372	467
1387	531
1392	497
1364	563
1371	632
1315	510
1358	508
1308	465
1341	463
1310	426
1352	414
1295	585
1335	577
1312	544
1347	531
1265	565
1233	548
1271	535
1242	511
1223	493
1281	492
1252	468
1221	451
1267	436
1225	657
1269	652
1222	627
1253	625
1216	606
1243	587
1347	676
1304	653
1333	635
1352	626
1288	623
1328	607
1249	674
1258	710
1283	686
1289	723
1313	738
1315	699
1339	745
1354	717
1374	691
1386	674
1392	705
1126	729
1147	719
1137	703
1121	691
1147	686
1080	741
1083	755
1105	735
1108	715
1096	761
1091	750
1140	780
1123	776
1161	770
1121	750
1149	744
1116	809
1164	809
1084	800
1133	799
1108	789
1171	787
1093	841
1115	832
1139	824
1096	821
1180	879
1150	874
1177	858
1139	847
1184	842
1164	840
1184	823
1048	917
1058	900
1064	918
1082	893
1085	919
1108	921
1104	902
1110	883
1097	866
1112	858
1157	929
1130	915
1172	904
1148	896
1100	978
1074	974
1047	972
1108	969
1101	946
1072	934
1125	941
1128	961
1151	968
1157	985
1171	947
1145	1002
1075	1005
1051	1001
1086	991
1059	988
987	786
995	811
1008	785
1025	803
1027	822
968	832
936	827
966	817
975	795
967	775
1076	864
1058	846
1056	806
1055	786
1003	877
978	867
991	847
1021	838
995	898
1007	915
1024	862
980	888
921	662
924	675
926	647
937	656
940	673
957	654
998	724
984	702
991	687
974	680
983	663
938	730
938	700
957	705
959	752
970	717
974	732
1002	764
1023	754
988	752
1002	744
1035	774
881	905
901	900
888	891
880	879
906	872
869	957
905	948
883	927
903	926
864	929
923	887
926	863
928	913
946	885
947	907
949	933
932	938
929	961
920	993
871	1007
900	998
873	984
912	983
855	976
893	970
929	803
911	793
928	778
912	762
902	733
912	720
886	858
893	835
922	821
899	820
923	841
362	770
396	781
398	756
417	769
419	792
374	715
344	703
396	700
367	692
342	675
403	728
331	651
345	631
376	630
378	656
403	658
316	769
318	792
332	811
333	791
338	751
370	745
301	745
323	736
273	730
307	723
344	723
423	745
277	699
318	698
260	678
311	664
280	648
186	698
202	707
229	655
230	685
238	667
183	776
233	771
208	764
186	755
220	744
202	731
123	708
139	685
143	713
161	684
172	718
180	681
114	564
126	544
138	559
154	535
181	548
158	585
127	588
166	613
164	633
67	666
82	702
102	733
111	681
163	658
98	654
142	649
64	635
144	623
108	622
79	556
52	553
106	545
110	526
70	523
101	500
51	616
65	609
45	590
87	587
