1981	845
2004	843
1993	835
2013	830
2014	769
2000	762
1979	761
2012	744
1969	739
1993	739
1986	720
1966	701
1999	694
1963	823
1984	816
2006	810
1968	795
1989	790
2006	788
2019	810
1933	769
1920	745
1938	734
1953	724
1906	722
1924	720
1956	774
1954	756
1951	689
1929	685
1909	681
1924	664
1900	700
1495	636
1453	627
1483	612
1448	606
1473	599
1449	584
1493	592
1470	677
1447	672
1476	663
1454	646
1475	638
1431	717
1431	699
1438	726
1448	688
1450	706
1403	583
1407	638
1408	611
1423	594
1431	651
1434	625
1424	668
1415	683
1407	657
1381	478
1404	478
1436	478
1455	466
1429	457
1408	448
1448	501
1459	519
1467	494
1488	506
1508	506
1490	537
1509	533
1464	542
1393	509
1404	528
1414	546
1421	506
1439	530
1399	563
1470	581
1489	581
1506	579
1444	558
1476	558
1495	558
1468	824
1470	790
1478	809
1486	831
1494	781
1459	718
1463	700
1479	706
1480	688
1487	723
1469	727
1427	768
1407	767
1452	756
1436	744
1418	734
1446	779
1472	766
1457	736
1474	743
1525	813
1504	812
1547	801
1514	786
1534	786
1509	775
1411	808
1422	797
1433	802
1439	817
1454	807
1412	789
1489	755
1499	722
1494	702
1493	677
1501	666
1493	657
1488	850
1501	838
1525	852
1548	838
1524	833
1556	817
1338	641
1340	586
1345	612
1355	607
1361	589
1334	561
1347	557
1343	542
1320	536
1359	535
1344	521
1305	638
1305	598
1319	578
1323	628
1324	603
1291	677
1312	677
1340	671
1313	656
1288	655
1337	655
1265	564
1283	552
1297	566
1309	551
1262	586
1268	608
1275	628
1283	588
1289	606
1299	618
1293	632
1281	643
1278	726
1323	721
1293	717
1276	703
1304	697
1331	692
1289	699
1261	724
1348	716
1355	674
1364	693
1368	722
1368	670
1353	739
1379	760
1353	761
1264	781
1284	772
1294	757
1263	756
1286	746
1274	740
1312	784
1312	765
1312	744
1334	781
1334	756
1302	777
1309	805
1323	798
1226	814
1265	813
1280	801
1241	800
1257	800
1294	790
1223	854
1238	843
1250	839
1224	835
1237	866
856	787
860	811
862	831
875	796
881	811
884	821
894	801
899	782
889	609
720	722
722	705
756	699
732	686
783	719
756	726
710	790
732	783
710	767
731	764
711	743
727	739
800	744
839	794
844	814
845	767
796	756
747	768
753	786
757	808
763	746
768	773
782	749
765	797
734	826
716	814
703	806
728	801
717	830
724	841
742	840
756	826
757	838
638	745
615	743
597	735
630	729
614	728
553	750
533	739
578	738
562	737
549	728
576	719
631	776
607	776
620	764
647	763
641	758
602	753
560	778
547	770
563	758
510	761
510	738
520	720
528	758
540	786
520	775
528	800
550	796
591	703
603	715
609	694
620	684
624	709
628	678
551	663
555	637
566	672
567	650
592	651
583	669
606	668
597	685
538	710
552	685
560	713
567	697
514	705
499	700
502	685
493	673
507	665
534	664
496	652
539	645
513	633
491	628
471	759
478	742
478	723
491	747
495	723
457	622
466	679
474	640
477	664
483	686
454	695
473	707
454	718
433	746
433	727
436	710
448	735
452	756
458	770
432	681
450	670
419	666
431	656
454	652
466	593
448	589
428	583
471	572
454	570
433	569
321	567
321	589
329	581
348	602
512	609
479	607
495	598
481	585
442	638
419	632
421	613
440	612
444	431
464	430
407	429
429	419
450	412
477	441
440	474
422	459
448	456
411	444
429	444
418	476
321	485
335	462
344	477
357	454
359	492
363	473
322	471
373	447
379	486
380	462
388	438
396	448
404	460
401	491
393	505
350	524
334	516
369	507
336	501
382	517
368	519
266	547
278	531
285	547
297	539
272	679
277	648
242	612
299	569
265	565
283	560
270	665
294	606
203	543
209	497
210	520
260	551
161	498
167	542
169	518
179	537
186	498
193	526
180	584
198	568
190	564
170	557
150	556
146	617
153	589
159	573
161	607
106	549
118	553
118	518
120	539
137	542
143	521
128	608
110	595
96	588
131	586
105	572
134	567
19	731
35	718
8	714
34	696
13	695
15	682
4	679
121	629
105	617
