1693	701
1717	695
1682	681
1714	671
1687	664
1725	661
1699	672
1673	656
1673	669
1749	627
1732	625
1753	608
1742	598
1766	614
1769	635
1779	609
1787	629
1792	639
1796	617
1850	685
1822	685
1838	678
1857	668
1826	665
1740	693
1757	668
1755	653
1747	644
1770	687
1771	652
1771	672
1792	654
1799	684
1761	724
1752	703
1773	706
1775	731
1713	728
1737	728
1732	711
1646	708
1640	718
1643	728
1629	724
1671	718
1671	708
1872	686
1891	680
1878	663
1880	651
1893	744
1878	739
1885	721
1870	711
1895	710
1884	701
1844	655
1846	637
1863	646
1874	637
1861	752
1842	743
1862	728
1842	723
1828	706
1846	706
1862	700
1757	775
1774	769
1761	759
1767	744
1655	799
1677	798
1665	784
1676	781
1668	804
1691	790
1693	774
1711	832
1717	816
1731	832
1736	818
1736	803
1713	792
1725	791
1733	784
1714	775
1725	769
1742	763
1704	763
1716	761
1673	768
1685	760
1665	756
1732	751
1722	750
1748	741
1722	739
1698	748
1681	748
1781	750
1658	831
1682	824
1700	822
1668	816
1653	815
1691	810
1830	770
1845	768
1847	790
1870	786
1878	765
1885	780
1747	833
1752	818
1763	805
1758	801
1766	784
1748	783
1749	547
1740	542
1734	534
1733	524
743	559
715	556
740	541
720	536
743	523
725	516
595	515
604	502
617	490
625	509
640	494
641	521
1743	508
1733	493
1731	514
757	543
773	542
775	526
761	513
784	503
653	536
653	509
665	525
677	545
683	526
698	536
1755	587
1747	577
1765	575
1769	562
1740	561
1756	559
1765	587
608	557
619	544
598	537
614	527
636	552
659	556
654	574
442	609
499	602
458	598
488	589
439	569
448	558
404	617
416	607
403	593
419	583
412	563
388	539
402	548
405	523
418	532
431	549
433	525
386	611
390	596
380	584
392	568
375	603
372	613
797	488
781	485
797	468
777	460
807	449
788	438
803	429
773	445
830	547
831	524
789	521
847	514
833	503
837	486
815	533
839	583
819	577
806	575
835	565
812	557
850	549
754	606
765	599
769	585
750	578
768	566
849	613
840	602
816	594
797	592
824	640
844	634
803	633
834	620
799	615
815	615
1363	666
1358	653
1343	651
1350	635
1080	666
1086	684
1096	671
1341	663
1030	680
1040	691
1041	670
1053	679
1061	657
1067	689
1043	732
1056	724
1023	719
1040	716
1058	706
1026	700
1080	704
1073	718
1396	678
1396	654
1383	651
1390	644
1390	632
1377	640
1402	666
1393	729
1387	712
1375	708
1406	704
1378	694
1403	687
1406	695
1372	735
1380	718
1351	624
1367	611
1373	624
1380	608
1383	619
1357	719
1348	703
1362	692
1352	683
1367	679
1355	675
717	634
722	672
732	645
735	619
742	730
711	580
715	598
721	609
723	566
729	582
740	595
684	713
703	710
689	698
714	688
694	679
696	736
707	664
687	659
709	649
679	638
704	627
667	586
687	580
676	567
695	561
683	598
695	611
877	759
862	747
884	741
867	724
826	701
828	675
846	687
849	701
847	759
827	751
848	735
823	725
796	784
789	746
803	745
789	701
803	719
795	729
812	712
803	692
782	688
804	676
789	669
807	659
790	646
764	699
771	666
752	663
755	647
774	644
774	719
445	644
460	641
456	623
487	621
384	653
387	637
397	634
387	626
374	625
408	674
425	660
402	656
413	640
429	629
340	690
384	681
342	675
365	670
454	698
440	685
440	668
453	667
461	792
471	812
479	785
487	810
457	806
567	772
587	767
570	755
591	746
601	732
577	713
606	758
585	731
602	771
620	653
579	652
593	649
598	638
618	636
636	672
643	645
654	695
658	677
660	658
672	684
615	727
626	712
651	722
655	744
671	722
635	757
603	699
586	688
611	679
576	669
596	665
606	811
568	801
581	791
601	788
590	814
572	818
523	833
519	811
554	818
544	682
553	708
558	668
560	691
561	724
857	810
890	791
875	785
892	779
864	773
897	764
854	783
829	832
809	818
844	796
814	782
834	776
812	764
825	809
839	845
852	831
782	839
802	836
788	818
805	803
782	799
794	765
784	881
808	879
782	864
800	856
819	849
828	865
387	766
374	759
386	747
399	730
381	723
382	703
345	748
365	742
338	732
357	720
337	707
359	698
451	760
461	748
439	746
455	732
442	717
467	715
484	826
427	760
425	731
405	707
424	697
403	690
422	753
382	866
382	843
386	819
380	788
365	832
364	811
364	792
361	778
371	881
317	745
312	719
319	695
327	663
320	606
336	599
315	594
333	582
317	577
346	858
342	837
330	821
324	803
345	792
329	778
360	867
310	522
332	521
307	499
312	479
300	560
305	547
322	537
327	559
350	560
355	544
287	621
288	595
299	575
306	587
306	622
297	695
275	718
341	459
354	445
334	436
344	420
359	402
363	429
379	441
381	416
398	402
399	429
393	465
389	487
421	406
422	428
433	422
442	406
423	387
391	379
426	369
445	369
407	368
376	393
460	393
463	414
469	361
481	394
500	385
254	315
237	302
219	299
235	284
249	272
295	328
270	328
281	311
263	294
281	290
198	326
204	344
222	325
225	349
246	364
247	335
349	498
376	480
358	477
333	476
318	462
372	460
324	494
231	409
246	397
226	384
263	383
300	387
280	371
296	359
263	357
280	347
280	400
295	408
257	416
188	419
216	418
208	398
189	388
211	369
235	479
246	449
253	468
263	454
268	434
174	489
198	483
188	462
173	461
201	449
179	441
206	432
211	472
222	457
226	434
215	498
237	497
187	557
203	545
186	533
208	524
191	506
163	558
164	538
153	518
171	517
203	624
183	604
212	594
196	588
213	578
132	647
154	647
151	630
132	627
163	615
211	684
232	674
253	659
237	653
255	630
220	669
43	856
16	850
4	837
39	833
19	820
40	804
17	795
25	776
52	766
55	786
70	803
93	802
74	853
64	866
75	733
66	717
98	714
80	706
100	694
62	748
82	759
85	781
104	764
108	747
46	919
30	914
9	901
50	901
44	881
12	878
9	926
24	935
120	707
120	689
121	672
127	731
132	765
114	782
139	788
122	804
142	701
143	677
151	721
157	689
143	740
152	777
165	791
