1679	564
1704	591
1709	563
1717	584
1734	573
1735	584
1720	611
1726	640
1738	600
1747	623
1758	609
1632	551
1637	575
1653	563
1653	587
1635	636
1647	630
1727	550
1672	541
1699	538
1725	530
1679	516
1705	512
1670	497
1690	492
1662	476
1685	474
1661	614
1668	598
1674	640
1686	622
1702	637
1580	441
1604	421
1575	414
1600	406
1603	510
1584	509
1594	490
1605	474
1609	448
1529	485
1538	454
1546	479
1555	450
1574	489
1575	465
1560	503
1570	514
1548	508
1626	523
1626	496
1628	466
1629	439
1621	425
1622	407
1643	492
1648	511
1652	453
1654	496
1646	533
1591	559
1568	551
1575	541
1602	533
1580	525
1596	593
1568	590
1540	588
1610	575
1579	568
1550	565
1527	572
1514	589
1527	602
1508	642
1543	639
1514	628
1557	624
1522	615
1542	613
1577	664
1553	662
1570	650
1583	631
1608	613
1579	612
1614	626
1632	615
1623	603
1615	554
1618	643
1598	645
1630	665
1611	667
1617	777
1653	777
1662	765
1637	762
1623	755
1608	750
1573	720
1548	715
1588	702
1598	685
1568	682
1627	732
1601	726
1632	714
1609	708
1618	695
1538	690
1518	688
1532	670
1528	649
1523	710
1504	711
1530	733
1628	835
1644	823
1619	815
1633	792
1654	840
1565	782
1586	768
1566	757
1558	742
1584	739
1593	793
1578	801
1598	809
1677	773
1683	805
1687	785
1701	818
1671	830
1661	800
1119	577
1140	576
1133	565
1116	553
1129	527
1136	503
1127	481
1120	504
1094	550
1085	530
1105	519
1103	491
1103	469
1080	487
1082	470
1070	498
1059	492
1061	476
1042	473
1070	466
1076	460
1062	538
1036	528
1051	518
1072	513
1056	584
1039	574
1073	562
1049	552
1028	547
1127	699
1129	671
1141	655
1121	653
1105	727
1083	718
1105	705
1080	681
1110	680
1014	733
1021	717
1024	692
1033	728
1034	712
1018	653
1067	737
1062	714
1070	703
1053	700
1061	683
1138	752
1123	752
1146	737
1133	730
1123	723
1154	712
996	783
1003	757
996	742
1002	727
994	720
1006	706
1114	786
1104	765
1085	763
1098	747
1010	803
1015	828
1086	829
1087	850
1095	865
1116	851
1108	836
1119	826
1104	818
1118	806
1059	623
1041	618
1081	617
1048	602
1117	626
1140	623
1133	603
1147	597
1105	660
1092	639
1104	599
1086	594
1100	577
1056	667
1071	659
1047	643
1070	642
1006	683
1004	667
999	644
991	626
1010	616
957	775
959	749
973	759
974	787
982	769
948	811
954	800
964	818
973	838
986	811
991	834
932	734
937	802
938	777
945	751
875	777
886	791
892	764
904	790
919	759
868	827
888	822
909	810
852	809
871	807
1465	920
1450	915
1427	905
1449	890
1426	886
1402	899
1407	918
1387	917
1436	961
1456	957
1422	945
1459	942
1446	939
1434	931
1459	973
1380	967
1392	979
1395	934
1399	959
1411	971
1383	946
934	932
921	927
928	911
912	894
927	888
836	860
854	850
864	868
883	857
894	842
903	867
943	873
925	867
942	855
914	854
934	847
920	837
949	904
950	925
959	891
970	907
979	920
964	929
986	865
1421	1009
1440	1002
1401	993
1427	987
1448	981
855	944
830	943
861	928
836	925
816	911
876	907
393	804
395	784
420	807
425	782
430	768
400	876
378	871
399	850
380	847
409	836
396	830
856	901
836	899
370	892
824	882
845	884
884	889
326	843
334	829
348	852
365	827
348	878
349	898
333	911
311	882
306	812
328	810
361	802
321	790
361	777
397	706
373	700
409	687
370	683
384	673
250	686
272	698
273	682
294	677
301	697
307	712
331	725
349	714
338	693
324	672
361	670
342	666
307	754
359	752
315	742
344	741
411	762
382	760
429	747
405	735
372	729
416	718
322	566
316	544
304	528
318	523
251	568
228	553
248	546
234	535
245	523
262	557
243	608
229	604
258	593
233	584
311	627
271	617
304	610
296	592
269	577
293	576
288	637
264	644
253	667
235	667
283	660
240	645
254	627
236	626
41	775
59	767
47	755
70	749
49	751
23	767
96	763
99	787
115	775
117	794
129	758
138	782
76	808
58	805
42	802
82	795
44	789
65	786
153	791
156	766
165	776
166	802
167	786
160	825
153	851
125	860
120	842
142	832
125	819
105	819
141	808
129	685
149	685
111	669
127	667
5	616
6	690
9	630
14	694
4	596
12	613
47	678
48	698
62	672
67	656
73	685
82	659
155	712
131	706
148	699
117	697
76	726
65	717
78	709
101	708
99	689
165	747
151	741
119	741
155	727
138	722
120	719
32	744
