1898	953
1902	976
1911	1006
1920	971
1920	946
1927	990
1899	1034
1926	1026
1911	1059
1877	935
1854	932
1899	925
1878	917
1857	900
1884	899
1792	913
1756	909
1829	899
1803	886
1757	879
1738	865
1780	858
1807	852
1757	848
1786	836
1871	880
1835	876
1859	855
1873	840
1834	830
1849	1040
1867	1027
1867	965
1881	994
1868	1026
1877	1056
1835	1023
1829	965
1799	961
1778	940
1810	936
1834	923
1847	995
1825	1001
1810	986
1776	711
1793	706
1791	687
1806	678
1774	666
1802	665
1726	692
1738	675
1741	715
1765	693
1682	718
1660	698
1692	696
1680	681
1653	674
1661	802
1667	758
1683	771
1691	794
1854	811
1831	808
1869	801
1841	788
1792	813
1789	792
1816	788
1764	729
1728	551
1777	521
1780	502
1748	488
1654	519
1683	532
1695	490
1698	564
1705	515
1793	592
1820	590
1759	580
1756	557
1812	557
1783	555
1668	618
1653	605
1674	585
1648	563
1669	551
1639	544
1793	647
1806	626
1779	619
1812	612
1750	651
1723	645
1753	628
1722	624
1757	604
1724	597
1634	824
1658	821
1617	812
1633	799
1644	777
1617	776
1602	858
1612	835
1615	894
1615	875
1632	865
1633	848
1585	733
1600	709
1602	747
1625	749
1630	696
1642	720
1586	771
1571	759
1563	849
1574	868
1579	840
1586	898
1569	808
1584	792
1591	820
1607	794
1562	823
1569	788
1605	476
1636	472
1623	448
1645	440
1604	437
1626	427
1600	550
1603	528
1604	506
1620	522
1626	582
1628	498
1633	603
1636	617
1604	603
1578	412
1609	407
1627	402
1632	389
1599	385
1581	536
1578	500
1581	475
1561	458
1574	441
1559	427
1569	584
1546	580
1586	578
1571	564
1532	606
1488	277
1514	267
1472	244
1489	222
1489	327
1503	327
1454	325
1485	306
1511	297
1454	290
1423	358
1445	349
1426	323
1423	286
1418	263
1441	252
1457	378
1471	401
1475	352
1499	408
1504	353
1506	386
1397	459
1414	458
1393	436
1397	411
1435	392
1380	386
1391	376
1459	482
1463	460
1485	431
1463	427
1463	504
1512	570
1504	608
1512	626
1121	573
1400	496
1421	493
1382	475
1383	508
1400	534
1424	520
1116	608
1143	607
1104	595
1127	590
1110	580
1137	578
1117	636
1126	645
1144	628
1144	651
1129	621
1084	679
1088	659
1089	700
1102	696
1108	673
1124	663
1139	675
1120	687
1026	669
1050	681
1059	665
1067	700
1076	679
1000	724
1020	737
1022	700
1040	718
1088	724
1100	746
1102	723
1118	740
1118	718
1131	708
1126	695
1110	708
1041	756
1056	741
1058	767
1065	723
1076	755
1043	629
1056	646
1066	625
1076	619
1092	640
1099	615
1030	598
1034	586
1053	600
1068	587
1082	600
1082	591
986	594
1011	588
991	575
1024	574
1005	571
1009	563
980	656
1014	640
990	634
1018	613
991	697
982	691
972	679
995	670
950	664
959	656
930	566
968	561
973	575
984	556
920	634
937	616
912	610
937	589
910	578
944	635
929	544
912	540
877	534
898	523
855	581
861	550
866	602
872	575
886	598
887	553
891	623
666	584
677	599
690	571
702	569
648	553
656	531
666	527
669	554
683	540
691	536
618	594
624	612
644	578
647	599
660	607
601	553
603	520
626	510
630	534
622	561
581	679
591	678
559	675
581	654
561	652
577	735
580	718
556	715
579	702
564	698
563	730
552	746
546	735
566	604
600	603
596	586
546	582
569	580
585	629
562	627
597	621
592	614
543	613
583	608
560	410
604	404
592	385
562	379
526	472
526	457
534	434
514	412
533	404
512	397
594	500
598	480
591	459
591	446
608	428
592	424
471	422
492	491
509	471
526	484
503	516
478	521
547	456
553	472
555	493
567	440
572	468
575	505
580	490
575	532
546	520
538	683
509	681
525	655
499	654
468	737
483	734
503	723
479	720
465	704
486	676
481	656
501	637
541	633
494	618
514	612
529	607
504	590
517	635
496	788
475	781
484	762
502	746
475	850
493	834
473	824
502	818
488	809
475	799
434	822
442	853
448	830
451	806
459	852
441	786
454	782
458	754
441	646
501	854
531	854
518	848
517	733
529	726
525	713
530	702
454	901
460	881
482	900
482	875
521	916
509	911
526	889
501	882
541	876
512	868
419	559
456	555
446	540
424	539
459	531
499	544
511	489
519	568
522	535
532	503
541	545
412	590
426	616
430	594
438	566
449	587
451	618
469	634
472	560
478	593
483	570
398	869
418	858
397	846
416	831
400	818
408	948
432	941
430	919
392	917
410	891
435	888
411	1019
393	995
390	972
420	969
430	987
347	909
376	897
337	886
374	873
347	860
337	1007
348	983
362	966
339	944
368	932
328	1024
368	1012
300	857
306	888
314	872
319	852
320	912
319	955
304	949
302	927
318	984
380	740
408	696
411	739
430	719
452	724
442	708
266	726
254	707
289	692
260	680
289	720
318	723
322	694
345	706
348	736
378	761
333	759
323	758
367	688
371	661
366	715
420	798
399	780
409	765
435	762
285	789
270	773
302	773
277	749
306	747
251	746
268	798
297	815
333	833
368	833
340	808
378	806
322	789
352	775
318	602
340	586
278	581
310	571
250	635
265	635
281	616
261	602
359	642
378	630
361	610
381	598
364	587
364	571
199	571
212	603
225	583
225	564
240	583
240	661
343	671
284	656
320	649
307	633
328	626
233	505
186	498
197	492
212	478
252	512
271	504
267	484
265	473
336	549
299	538
344	531
317	520
296	500
250	563
274	557
207	543
229	535
269	528
200	519
146	565
153	588
165	508
167	537
168	573
172	601
