1667	741
1672	731
1689	728
1670	714
1691	712
1651	698
2036	763
2018	755
2033	746
2042	729
2018	728
2045	754
2031	707
2004	694
2043	688
2014	796
2044	794
2029	786
2045	775
2013	775
2032	864
2044	853
2040	828
2032	808
2045	875
1650	574
1630	572
1613	567
1623	554
1640	554
1622	538
1684	566
1681	622
1669	608
1684	606
1659	590
1673	585
1635	656
1636	634
1621	621
1646	616
1691	583
1699	604
1708	578
1713	612
1716	595
1695	642
1694	661
1673	696
1688	695
1686	680
1676	658
1656	646
1673	639
1629	706
1618	693
1639	683
1658	677
1621	674
1649	665
1612	654
1596	651
1615	639
1600	636
1608	631
1599	613
1630	727
1647	720
1613	714
1598	667
1651	738
1618	601
1596	597
1641	594
1604	586
1574	527
1581	512
1582	545
1605	551
1612	525
1573	599
1569	584
1577	567
1569	553
1577	614
1582	646
1574	660
1580	690
1578	709
1542	647
1559	647
1547	632
1568	629
1552	663
1567	678
1553	679
1568	695
1554	504
1540	498
1570	498
1552	480
1573	478
1557	570
1534	568
1557	542
1544	527
1560	518
1535	512
1527	621
1546	612
1562	611
1533	606
1542	598
1561	595
1514	543
1519	553
1526	527
1533	549
1550	557
1516	567
1525	582
1544	583
1512	661
1466	649
1506	642
1458	630
1486	629
1529	637
1532	657
1503	695
1463	691
1459	673
1492	669
1516	681
1432	704
1437	687
1434	666
1438	643
1439	619
1488	740
1462	735
1508	726
1500	718
1455	716
1478	711
1479	752
1515	623
1503	612
1468	611
1485	594
1513	593
1452	565
1455	529
1466	546
1475	572
1490	543
1495	568
1423	601
1418	589
1439	584
1426	564
1439	542
1379	451
1384	491
1385	518
1403	464
1406	490
1343	489
1343	507
1365	483
1368	502
1369	521
1362	435
1352	444
1348	462
1342	424
1340	577
1366	563
1376	540
1339	538
1318	638
1348	634
1321	621
1363	617
1335	604
1362	594
1300	518
1316	515
1313	496
1298	482
1315	477
1322	455
1303	456
1313	428
1327	439
1291	539
1307	563
1309	540
1333	558
1284	628
1299	603
1303	621
1310	602
1314	586
1134	674
1154	660
1165	647
1124	645
1140	644
1230	665
1245	677
1257	667
1268	640
1275	656
1182	674
1192	653
1198	689
1206	666
1208	631
1214	696
1172	722
1164	701
1144	692
1157	679
1197	712
1201	577
1208	604
1220	568
1223	590
1212	543
1165	623
1188	616
1165	603
1181	591
1158	585
1169	531
1191	526
1157	524
1166	517
1179	514
1149	571
1179	570
1160	556
1182	541
1148	540
1192	558
1121	603
1122	618
1137	619
1139	596
1135	559
1134	576
1096	646
1083	643
1073	634
1096	632
1082	611
1062	697
1066	675
1075	703
1082	665
1084	689
1093	679
1033	592
1053	589
1060	574
1083	574
1079	588
1096	598
1020	622
1021	607
1036	656
1036	638
1042	621
1049	604
674	319
659	301
684	294
689	275
669	275
650	280
710	296
697	351
693	367
800	424
772	419
745	402
780	399
764	394
671	421
674	436
692	413
694	430
716	415
717	444
748	455
769	448
787	437
752	432
711	855
693	851
729	836
695	833
725	811
704	794
732	785
723	771
707	771
729	755
701	751
748	750
727	882
720	868
751	868
741	856
751	837
744	814
762	816
703	727
723	727
710	715
707	695
725	695
728	680
766	629
747	603
745	584
765	584
731	574
747	573
796	579
821	563
773	562
797	560
773	613
791	635
799	608
816	593
816	581
695	671
714	666
694	655
767	648
649	760
655	781
665	785
671	758
680	778
682	804
657	724
659	688
661	708
678	684
679	735
686	712
656	738
778	500
803	493
788	482
808	478
773	466
794	466
753	505
766	521
772	536
790	514
794	533
809	521
746	551
725	550
707	538
746	528
707	515
720	500
739	484
701	471
722	471
657	531
664	476
680	459
693	489
695	512
649	560
649	578
669	547
651	412
653	385
661	370
647	356
670	345
651	329
620	464
619	444
637	442
628	423
613	358
616	346
631	336
624	317
636	307
605	412
626	398
608	393
596	390
606	381
626	374
523	615
491	599
540	596
515	583
466	650
470	679
488	630
498	660
520	644
524	693
526	668
541	627
545	691
550	658
467	708
484	699
503	724
528	718
586	546
603	502
605	530
627	578
634	590
546	445
551	415
571	455
571	434
583	417
587	445
588	398
546	525
564	506
544	498
583	481
541	474
511	473
511	459
514	440
502	400
528	396
489	539
490	567
503	553
516	533
522	562
524	550
513	513
489	506
463	492
522	487
490	482
475	473
440	466
457	465
481	450
457	440
436	422
482	418
414	543
397	533
422	517
400	514
408	489
394	481
408	463
424	447
467	553
444	541
464	524
447	501
425	493
443	482
454	581
422	577
417	565
435	563
406	618
415	601
414	586
399	573
400	559
460	619
446	612
432	593
470	591
446	696
426	672
443	646
421	644
453	634
427	626
385	697
409	686
392	678
377	650
403	649
381	629
401	716
404	741
416	709
434	737
434	715
453	742
222	642
229	626
364	782
365	760
369	704
372	689
372	671
366	658
395	796
389	777
434	772
372	744
256	385
276	384
298	384
282	360
299	355
311	364
315	346
328	335
331	377
341	350
358	372
359	398
344	428
314	435
240	441
261	441
220	432
248	423
265	412
241	412
239	485
218	485
227	471
244	468
288	412
292	438
308	405
331	403
309	459
296	481
274	468
269	489
188	501
202	492
170	480
198	476
176	458
204	452
260	532
225	527
252	508
233	501
173	548
162	529
172	523
167	506
155	504
194	555
211	548
194	529
207	513
242	606
231	594
233	571
254	569
264	556
247	549
198	643
189	620
213	608
187	594
208	580
183	569
191	658
168	661
147	661
166	637
163	603
167	584
140	643
125	631
140	618
