1986	865
1992	898
2000	917
2006	862
2018	892
2039	890
2035	905
2044	882
2035	864
2000	743
2031	736
2012	730
1998	721
2026	798
2041	782
2015	778
2025	771
2043	762
2021	753
2041	809
2020	823
2038	844
1929	724
1940	737
1944	704
1960	744
1963	723
1968	701
1949	779
1931	772
1953	765
1972	753
1937	752
1977	777
1971	787
1949	839
1924	828
1941	816
1917	799
1939	795
1990	818
1991	836
1986	793
1882	800
1883	776
1889	849
1893	829
1898	806
1903	775
1907	849
1891	755
1920	759
1914	853
1916	844
1928	865
1933	850
1846	678
1859	672
1837	661
1860	654
1768	678
1770	666
1766	652
1799	642
1776	630
1801	623
1792	688
1799	677
1813	658
1823	677
1738	682
1744	669
1817	726
1821	713
1842	712
1803	701
1833	698
1856	693
1867	580
1898	579
1880	571
1869	563
1847	565
1813	572
1825	555
1727	597
1760	595
1701	577
1722	573
1782	611
1782	586
1747	579
1766	578
1852	633
1867	631
1867	616
1884	612
1858	598
1887	596
1807	594
1822	618
1828	644
1831	592
1837	631
1844	609
1741	653
1725	644
1743	634
1728	631
1716	618
1753	616
1783	364
1785	391
1806	345
1806	389
1814	361
1835	381
1812	445
1790	437
1789	415
1816	413
1832	414
1836	435
1726	377
1738	369
1751	371
1761	358
1775	379
1740	431
1732	419
1757	410
1716	393
1748	393
1732	387
1700	454
1706	428
1713	469
1715	435
1727	449
1699	396
1726	407
1713	408
1804	506
1795	504
1790	486
1816	485
1797	464
1830	462
1735	480
1745	462
1748	501
1763	487
1770	464
1776	511
1775	444
1779	556
1748	554
1726	547
1763	532
1793	531
1732	526
1683	531
1692	553
1698	497
1703	507
1705	526
1715	489
1700	764
1705	741
1715	756
1719	732
1714	708
1717	676
1719	661
1708	648
1709	634
1689	696
1677	695
1677	627
1698	604
1658	738
1678	738
1664	728
1692	714
1672	709
1652	576
1667	599
1673	570
1674	551
1624	759
1634	779
1661	793
1677	774
1682	797
1696	784
1665	755
1651	763
1656	776
1623	834
1639	831
1634	818
1643	813
1647	804
1638	799
1617	885
1607	877
1623	864
1611	850
1595	804
1604	824
1614	784
1619	807
1600	760
1586	842
1563	839
1578	818
1574	804
1589	784
1571	760
1593	901
1570	895
1584	884
1588	864
1560	861
1541	829
1545	819
1549	834
1551	846
1554	825
1558	809
1539	802
1510	828
1518	809
1530	838
1532	815
1506	850
1507	868
1518	861
1521	879
1531	855
1538	869
1548	876
1545	856
1471	850
1474	874
1476	836
1483	858
1486	839
1489	821
1488	876
1485	898
1500	889
1525	755
1527	731
1540	740
1548	726
1551	751
1560	727
1577	736
1606	739
1626	746
1521	782
1524	796
1538	770
1547	786
1562	787
1464	753
1448	753
1435	746
1447	737
1434	731
1468	725
1482	756
1485	734
1504	733
1506	753
1456	776
1465	778
1475	781
1499	793
1501	772
1446	800
1463	802
1464	822
1480	803
1559	712
1587	717
1595	708
1612	718
1496	712
1496	683
1510	701
1518	716
1533	706
1460	698
1460	655
1463	675
1476	682
1478	664
1481	698
1428	719
1449	717
1443	701
1424	695
1446	680
1416	674
1398	666
1441	663
1394	580
1406	589
1420	576
1432	592
1442	577
1453	592
1466	579
1471	595
1476	566
1485	580
1499	598
1503	582
1484	613
1464	615
1502	621
1421	628
1404	625
1440	620
1424	610
1388	606
1408	605
1478	645
1493	645
1461	634
1495	633
1405	655
1407	640
1424	652
1443	639
980	830
983	841
997	831
1006	830
1009	840
987	803
990	816
992	788
997	854
1002	811
1039	925
1068	919
1051	916
1031	913
1073	911
1053	901
1019	970
1021	949
1015	931
1026	900
1062	998
1039	991
1059	970
1039	966
1041	947
1063	936
1081	954
1083	975
1085	937
1096	967
1101	951
1086	993
1090	1010
1029	1021
1002	1020
1013	1014
1010	995
1020	991
1039	1056
1011	1053
995	1050
1022	1043
1006	1035
1000	1033
1056	1044
1071	1033
1071	1012
1044	1011
1057	1060
1045	1075
978	1087
1023	1078
984	1073
1000	1070
985	1109
996	1092
1010	1111
1028	1096
941	774
958	790
963	780
972	795
976	783
889	829
929	803
931	787
940	817
941	805
935	833
966	828
949	826
966	814
955	811
975	810
951	836
966	841
977	818
866	869
874	839
877	853
890	868
896	855
902	840
922	859
923	844
930	851
943	857
940	872
940	957
958	955
926	954
926	936
949	898
934	908
948	992
941	979
961	977
924	969
971	962
831	1012
838	1058
842	1022
857	1029
839	1042
853	1055
815	1007
801	1001
791	987
819	987
803	974
790	968
825	975
831	1000
874	972
875	984
877	993
886	1000
819	916
832	912
823	902
834	897
813	897
842	927
801	927
821	926
813	925
831	922
824	959
813	956
836	953
782	941
833	935
810	932
863	958
857	942
804	1027
804	1044
806	1058
818	1045
820	1061
824	1026
850	875
828	872
855	860
839	859
833	845
859	844
823	831
826	821
842	832
843	810
846	819
858	829
790	853
797	871
811	874
812	863
812	846
764	834
772	830
781	832
796	833
744	848
749	865
753	843
764	862
773	874
776	845
676	984
694	979
676	975
693	960
671	959
702	907
663	902
682	894
695	884
671	879
680	871
689	938
661	937
677	935
667	924
681	917
658	833
665	855
678	832
684	852
633	967
643	988
657	977
669	998
646	952
626	949
634	934
623	917
646	918
621	895
632	860
643	886
652	870
608	908
627	879
647	850
582	1007
592	1021
598	1004
604	1038
593	980
588	1083
571	1072
551	1057
572	1052
610	1073
606	1057
559	1035
551	1023
566	1015
543	1004
541	977
552	986
559	967
569	985
577	966
577	948
224	703
213	687
230	678
220	664
203	703
191	697
195	683
177	676
200	665
175	663
198	769
181	755
197	742
185	716
212	779
225	764
217	756
233	739
211	727
232	722
223	784
183	804
202	796
175	791
188	784
176	776
203	855
193	841
205	836
187	828
199	818
135	792
137	780
151	789
162	824
158	810
157	835
155	850
168	853
172	873
138	697
143	691
143	679
145	668
162	680
172	695
125	736
151	727
124	722
150	708
163	711
173	734
164	753
154	747
116	750
101	798
101	784
118	787
120	798
123	777
131	767
118	710
103	703
91	698
114	690
91	744
107	738
83	736
107	724
82	722
95	717
87	772
103	769
79	758
93	756
13	644
46	642
5	631
49	629
43	623
14	617
59	621
55	608
70	605
59	597
71	586
58	585
24	565
56	561
28	552
42	549
59	547
22	541
46	531
37	525
16	522
5	788
8	772
22	654
5	654
5	805
