2026	889
2029	870
2040	850
2039	831
2031	807
1968	831
2017	831
1994	822
1981	801
2001	796
2019	792
1979	780
2023	923
2017	913
2043	911
2037	940
2006	956
2029	958
2024	974
2041	970
2041	1000
2002	772
2029	759
2008	752
2043	750
2042	779
2038	677
2007	671
2035	651
2042	625
2034	609
2028	734
1989	733
2042	724
2006	717
2034	704
2007	692
1968	879
1966	856
1987	850
2010	849
1984	874
2004	874
1992	895
2005	931
1776	799
1782	760
1805	760
1802	739
1815	860
1841	852
1873	841
1830	827
1864	811
1768	857
1774	821
1775	884
1790	850
1801	832
1905	901
1868	899
1923	883
1870	878
1898	872
1817	957
1815	949
1808	929
1828	909
1802	901
1834	881
1802	1029
1796	996
1780	980
1821	976
1801	1089
1776	1084
1803	1066
1811	1055
1784	1047
1803	1042
1721	1076
1732	1071
1758	1067
1727	1037
1763	1036
1741	1027
1754	1050
1783	936
1729	931
1756	917
1778	912
1736	912
1732	977
1755	971
1783	964
1726	954
1753	947
1786	1018
1752	1013
1733	1009
1745	996
1766	993
1770	1127
1756	1118
1779	1105
1728	1102
1747	1097
1773	705
1754	699
1728	688
1788	676
1711	742
1715	711
1734	761
1739	730
1761	746
1767	721
1701	788
1671	777
1693	767
1672	747
1686	745
1695	721
1680	711
1697	851
1682	837
1721	832
1662	828
1693	815
1662	806
1722	888
1697	887
1681	879
1711	874
1745	892
1737	874
1748	834
1753	812
1732	796
1757	784
1620	729
1655	729
1632	710
1656	703
1634	681
1613	885
1617	863
1620	841
1631	826
1636	855
1647	845
1654	754
1599	752
1614	749
1633	746
1606	806
1589	800
1635	800
1595	783
1642	779
1614	774
1574	850
1580	873
1592	850
1593	824
1671	439
1650	434
1669	416
1634	407
1655	394
1674	390
1578	444
1601	438
1571	415
1600	408
1579	391
1741	448
1720	431
1693	413
1719	411
1705	393
1732	384
1695	509
1719	504
1714	482
1733	473
1680	489
1631	483
1664	470
1692	465
1630	455
1624	504
1634	513
1620	530
1624	541
1583	519
1586	488
1581	471
1598	465
1614	464
1578	505
1613	693
1625	322
1635	340
1647	326
1655	321
1659	329
1669	342
1587	365
1594	335
1605	352
1621	373
1646	371
1662	368
1518	377
1533	377
1539	365
1510	357
1712	381
1686	364
1704	348
1688	334
1507	761
1531	768
1540	741
1551	763
1556	747
1541	811
1544	785
1511	516
1514	538
1534	519
1538	554
1557	537
1529	579
1554	577
1557	562
1474	550
1479	570
1486	530
1500	564
1504	553
1497	582
1521	725
1552	718
1539	708
1511	700
1469	760
1474	785
1485	755
1488	776
1494	733
1509	800
1484	810
1497	828
1516	826
1526	413
1524	399
1547	397
1539	387
1499	421
1474	412
1494	400
1470	391
1492	372
1474	362
1460	460
1481	459
1449	450
1483	439
1462	438
1479	424
1497	472
1502	487
1509	439
1512	458
1478	501
1467	481
1458	498
1550	509
1527	495
1543	476
1522	475
1536	459
1539	440
1451	522
1452	479
1459	550
1462	524
890	532
910	531
891	497
904	482
879	473
947	576
903	563
862	555
881	554
941	548
878	581
836	556
843	520
876	512
843	496
798	591
827	586
807	568
802	544
796	519
781	448
814	438
774	413
816	407
792	405
891	446
911	441
914	459
917	419
835	461
858	447
846	430
869	406
777	508
821	507
791	501
813	486
776	482
806	464
862	655
879	651
837	648
855	625
836	610
853	596
772	668
800	648
758	638
780	623
814	621
825	708
844	688
867	678
869	708
920	644
903	623
937	615
938	597
916	593
930	666
895	670
895	688
899	716
798	731
756	724
766	709
801	705
756	696
784	691
616	939
622	971
628	1001
785	893
793	915
821	941
764	745
783	751
795	761
816	755
829	738
843	769
874	772
897	760
859	753
886	748
861	734
895	732
801	876
812	848
789	844
817	817
779	814
794	799
822	879
837	845
849	799
858	876
866	835
867	811
847	925
867	897
545	954
578	948
584	921
590	981
613	1023
577	1010
515	202
460	199
497	190
473	182
450	173
487	160
393	240
401	222
430	248
459	219
460	235
500	229
353	246
361	286
367	229
370	260
382	284
409	276
433	288
651	235
651	260
656	169
659	199
665	215
665	170
654	286
646	326
576	269
592	298
600	256
622	262
626	294
582	323
614	353
703	485
724	468
737	507
749	480
511	412
515	385
753	456
753	425
753	406
706	443
494	505
506	483
483	465
514	459
534	438
427	496
407	492
458	487
445	463
414	450
454	439
371	419
402	395
432	394
456	416
466	378
477	424
316	458
344	498
347	459
393	469
58	447
30	442
9	433
44	420
24	407
9	477
12	461
28	472
46	463
142	523
175	500
178	530
219	542
219	521
251	532
69	534
89	547
90	524
94	503
107	533
113	507
50	558
75	572
99	585
105	563
166	593
124	592
142	578
159	557
129	554
183	554
240	592
250	556
602	1051
608	1113
627	1048
631	1075
629	1095
608	1129
550	1021
532	1007
552	993
532	974
525	592
513	564
533	551
516	531
543	1045
548	1061
558	1087
574	1043
575	1120
580	1073
519	667
495	651
534	629
469	624
508	617
483	598
439	540
453	592
473	568
487	541
489	699
448	688
454	669
429	617
425	642
426	664
115	612
121	640
126	625
134	611
149	636
173	628
206	610
223	629
280	645
305	628
310	651
150	688
122	673
165	664
139	658
289	680
267	673
210	674
283	708
232	708
198	703
256	701
131	713
142	703
145	738
153	718
245	751
272	750
190	730
237	729
260	727
288	732
309	760
202	803
220	816
233	773
236	795
252	773
309	824
279	813
318	794
290	792
267	876
206	873
235	872
283	856
230	847
272	842
239	951
262	933
228	926
260	921
225	901
249	898
325	880
349	870
311	858
333	814
384	826
360	823
395	812
372	797
367	932
396	912
376	893
398	888
373	863
396	845
380	948
395	958
342	939
316	917
292	901
345	900
281	895
303	885
332	924
315	940
357	611
404	605
347	598
372	587
403	583
350	787
392	786
366	760
346	758
392	757
375	657
399	650
329	634
393	630
327	739
370	730
394	721
347	716
381	700
316	690
372	683
353	682
349	1023
321	1015
346	1007
337	991
352	973
333	959
363	1080
331	1080
348	1055
317	1050
356	1104
319	1112
268	956
289	1004
297	950
313	973
284	1023
283	1050
274	1072
296	1073
292	1095
242	1049
226	1040
257	1018
230	1010
222	977
242	1163
222	1150
244	1125
222	1123
229	1083
229	1180
177	1163
168	1143
162	1108
179	1093
151	1089
192	928
199	980
199	893
200	951
194	1010
200	1038
205	1102
202	1168
203	1225
170	1237
223	1218
158	1208
229	1205
187	1199
158	1070
208	1069
185	1068
174	1050
142	1045
180	972
154	970
137	969
167	948
171	1029
149	1025
135	1019
161	997
151	992
139	990
