1897	1021
1910	999
1927	987
1901	977
1921	977
1937	954
1945	975
1948	996
1961	971
1962	955
1962	993
2043	835
2025	834
2028	820
2042	810
2022	802
1987	850
1993	837
1997	816
1998	858
2013	866
1971	891
1940	890
1968	843
1954	832
1962	936
1917	934
1938	912
1967	909
1912	909
1919	898
1921	947
1900	954
1927	1121
1924	1109
1912	1101
1929	1088
1930	1071
1918	1133
1898	1134
1928	1160
1973	983
1987	999
1998	989
2016	999
1788	678
1802	704
1805	725
1837	683
1842	695
2017	733
1992	723
2028	711
2007	685
2036	790
2046	787
2023	772
2045	768
2027	752
1954	807
1969	805
1964	787
1942	778
1877	1114
1855	1109
1864	1096
1886	1095
1863	943
1716	938
1734	932
1863	929
1749	989
1706	987
1722	975
1760	973
1719	954
1746	954
1872	1024
1869	1002
1841	970
1848	952
1880	1079
1860	1078
1904	1073
1863	1066
1891	1169
1910	1151
1877	1148
1867	1132
1878	1127
1901	1117
1809	793
1762	784
1813	774
1756	763
1825	790
1699	808
1724	797
1703	783
1741	772
1722	771
1730	751
1713	856
1697	851
1739	834
1702	833
1759	866
1757	842
1790	827
1761	824
1759	812
1779	807
1730	912
1749	908
1730	892
1741	889
1720	877
1740	875
1026	196
1098	198
1098	164
1124	177
946	246
952	208
961	217
971	258
973	192
984	236
1134	261
1158	250
1124	241
1145	229
1127	216
1143	201
996	263
1027	246
1001	242
1022	219
1005	213
1009	195
1000	293
1077	291
1044	278
1019	274
948	299
920	290
974	286
954	279
918	268
969	350
962	330
969	313
955	308
979	306
1047	350
1012	344
1038	331
996	317
1058	311
1020	310
1060	336
1074	330
1061	352
1017	389
994	386
972	381
986	360
1052	433
1033	416
1056	410
1046	397
1054	374
1032	363
988	488
986	458
1010	431
988	426
1004	411
980	408
1010	460
1006	481
1026	505
1029	486
1037	456
1047	479
1164	623
1161	603
1171	601
1142	598
1176	591
1147	577
1119	596
1127	622
1129	572
1142	637
1119	550
1122	528
1133	548
1158	523
1159	552
1174	531
1066	598
1069	572
1086	566
1103	620
1103	592
1108	569
1068	546
1090	551
1023	589
1032	605
1033	623
1043	582
1041	558
1468	854
1492	845
1468	828
1494	825
1481	803
1418	849
1404	846
1430	834
1412	827
1408	811
1394	804
1506	811
1506	789
1517	831
1520	815
1531	774
1519	859
1506	884
1512	898
1479	923
1499	912
1487	896
1464	879
1491	871
1489	935
1454	939
1475	953
1438	766
1445	783
1461	763
1468	780
1489	771
1461	805
1444	813
1407	888
1442	887
1420	876
1440	858
1420	908
1452	912
1371	799
1419	798
1368	781
1412	779
1373	774
1401	762
1320	795
1326	779
1342	772
1349	800
1357	817
1299	871
1320	868
1325	843
1339	863
1322	885
1265	866
1287	858
1270	839
1306	834
1282	820
1263	808
1283	795
1301	793
1305	807
1215	881
1238	873
1217	859
1232	848
1227	827
1246	825
1408	963
1437	963
1392	945
1426	943
1407	928
1455	971
1445	1014
1427	1010
1390	1000
1408	992
1427	985
1450	989
1462	986
1277	907
1297	904
1292	886
1274	883
1245	923
1212	907
1228	903
1259	901
1305	960
1306	928
1315	940
1317	970
1266	958
1275	945
1287	950
1289	970
1291	937
1326	955
1333	976
1340	963
1358	958
1364	970
1374	975
1390	973
1674	628
1673	611
1704	587
1704	569
1711	553
1705	533
1659	643
1682	665
1696	768
1700	654
1218	622
1187	615
1236	595
1206	593
1191	592
1194	573
1228	573
1174	569
1212	565
1206	550
1190	546
1150	792
1160	777
1178	767
1159	761
1173	746
1168	783
1171	808
1122	830
1143	850
1146	818
1162	813
1136	872
1119	863
1116	883
1111	757
1119	732
1126	705
1131	756
1136	719
1119	773
1127	799
1107	806
1081	896
1086	867
1096	895
1097	879
1109	891
1073	841
1086	837
1100	828
1076	819
1089	817
1096	814
1078	792
1097	789
1083	771
1067	771
1079	750
1511	707
1497	706
1524	696
1511	695
1495	680
1508	667
1501	745
1513	731
1521	728
1493	724
1452	724
1414	722
1415	744
1476	751
1527	750
1430	694
1453	669
1460	682
1463	653
1476	667
1482	650
1465	704
1483	695
1431	718
1068	728
1079	709
1085	732
1099	721
1100	747
1102	697
1096	669
1106	642
1114	681
1119	649
1124	656
1194	687
1206	677
1180	674
1209	651
1186	641
1175	697
1188	700
1143	737
1165	728
1152	704
1142	668
1162	658
1044	668
1049	681
1057	700
1057	655
1060	677
935	519
955	514
918	507
931	495
946	487
915	481
997	543
1019	538
975	530
997	520
877	559
888	555
860	539
865	505
892	484
984	586
1001	584
1007	568
979	565
949	595
953	569
933	554
953	547
938	534
929	624
921	601
911	580
927	573
906	562
914	539
735	423
691	414
691	383
711	382
703	499
699	471
674	455
694	439
709	438
673	434
615	499
589	490
630	484
602	465
608	478
577	437
618	437
601	429
640	423
589	420
652	400
657	424
836	483
856	479
811	460
856	458
816	436
802	439
825	448
791	532
792	497
810	536
813	495
826	531
843	512
738	473
775	469
753	469
778	450
752	447
781	430
736	524
744	498
760	489
764	519
747	572
725	554
753	548
719	536
773	548
1000	751
978	744
998	725
982	708
1002	705
999	694
954	724
959	704
934	691
944	674
940	655
952	644
996	681
966	681
987	664
970	659
1000	651
992	641
977	638
1001	627
971	620
992	605
895	653
893	622
892	604
867	587
889	578
883	636
977	831
994	825
1009	802
996	780
949	810
942	789
935	761
953	751
966	769
976	786
972	812
915	700
911	684
921	668
922	644
927	718
928	743
529	507
533	534
538	482
554	488
560	512
564	464
554	434
565	536
616	531
594	531
623	513
644	533
658	507
664	485
680	541
685	513
686	480
634	454
509	560
537	578
570	566
609	564
628	557
638	583
653	564
656	595
667	558
678	571
506	599
537	614
565	603
593	594
603	617
633	614
287	686
274	685
291	676
289	660
274	647
282	635
223	618
229	598
255	590
257	621
267	604
210	662
260	659
230	656
249	643
229	636
169	622
173	600
197	618
203	593
188	624
198	635
173	661
193	661
152	680
130	678
130	659
148	656
139	633
155	633
120	619
135	614
150	598
145	813
156	807
157	828
212	827
221	700
186	698
205	681
229	675
156	699
294	757
271	728
298	717
286	710
295	742
249	747
231	737
212	729
228	719
255	708
238	704
238	759
256	767
271	758
77	827
59	823
38	803
69	777
89	809
99	772
102	824
113	805
116	816
121	786
801	925
818	919
781	916
810	902
845	852
831	848
860	848
844	824
855	815
815	867
780	849
805	844
822	829
866	938
843	912
867	900
836	887
856	874
875	916
854	961
835	982
775	994
817	994
791	985
817	960
794	948
836	943
836	726
801	715
843	703
816	695
824	680
787	695
737	770
761	747
771	724
775	766
804	778
827	758
847	753
796	743
857	736
830	797
840	774
801	801
738	795
756	826
764	793
784	817
759	871
783	877
769	895
799	886
750	1020
760	1018
780	1011
750	1007
818	1014
835	1008
712	992
693	991
727	987
736	972
703	965
762	968
752	990
680	1037
663	1023
686	1023
680	1008
661	1007
657	991
627	1039
643	1019
630	988
644	957
732	1047
712	1045
727	1027
708	1015
733	1004
783	1074
814	1062
755	1060
769	1040
820	1036
794	1031
838	1031
689	811
706	792
715	808
729	837
740	857
612	857
617	876
630	852
639	880
648	845
693	885
664	865
700	862
676	844
659	832
696	832
711	945
744	938
699	916
740	910
715	895
690	897
733	882
624	947
641	932
623	928
635	908
625	892
676	964
676	942
662	933
675	914
655	898
656	1083
666	1076
639	1071
680	1062
650	1053
632	1052
707	1112
717	1093
694	1092
723	1072
704	1070
584	1095
591	1106
597	1136
605	1118
612	1101
620	1130
637	1098
640	1128
656	1112
657	1145
674	1154
686	1140
687	1119
612	1187
624	1170
593	1167
637	1149
467	334
496	334
454	318
481	312
504	304
476	492
490	487
453	477
485	469
463	464
451	398
481	391
463	380
474	371
464	356
449	344
442	292
495	279
447	275
471	272
453	265
467	288
457	565
475	554
441	535
482	515
457	509
458	589
444	428
466	413
493	411
438	409
468	439
490	441
381	424
428	512
428	484
432	464
429	382
424	407
436	357
376	341
380	398
382	363
395	338
397	380
401	360
394	514
393	492
389	460
334	415
333	376
361	375
348	363
321	426
334	439
334	457
359	450
359	424
374	443
361	234
365	254
382	269
390	253
405	249
413	272
391	305
353	299
372	292
393	289
366	313
331	353
310	346
318	328
336	325
338	303
323	295
326	268
306	252
329	243
310	226
338	219
332	203
166	505
157	484
143	482
162	465
186	483
201	515
204	493
222	495
229	510
248	505
144	541
157	536
169	530
131	515
144	515
185	565
206	552
186	537
221	536
213	567
132	588
176	585
159	572
136	563
149	558
165	553
130	888
148	882
125	863
143	855
134	832
119	953
139	941
129	928
138	910
119	902
105	880
84	865
90	848
107	841
86	838
96	959
84	946
102	927
82	918
91	900
66	902
42	895
62	879
55	860
55	851
65	843
65	921
70	935
211	878
197	877
163	868
184	865
191	847
169	844
252	853
266	856
254	833
198	902
201	920
210	901
250	928
256	881
263	908
268	940
272	879
280	917
348	951
371	949
395	935
358	933
390	920
383	908
415	952
416	915
436	912
440	939
478	966
458	955
499	946
478	935
465	934
470	918
567	1115
567	1103
570	1140
575	1163
580	1187
587	1039
612	1022
564	1019
593	999
613	993
564	989
606	1048
589	969
535	959
564	959
593	953
529	1087
535	1110
540	1136
557	1087
552	1113
542	1159
550	1169
587	1077
514	1072
545	1060
571	1059
516	1052
506	1090
466	1084
487	1075
457	1072
544	1028
483	1020
499	1020
520	1018
485	1005
537	998
483	1186
472	1169
451	1168
488	1158
471	1143
441	1139
475	1213
466	994
435	987
506	985
406	983
377	975
379	998
376	1039
392	1035
367	1019
361	970
417	1048
424	1013
