1492	786
1495	751
1504	796
1509	768
1446	781
1474	777
1448	758
1479	751
1454	825
1437	819
1479	814
1457	813
1454	802
1440	900
1449	855
1450	881
1457	844
1460	897
1476	848
1433	918
1433	932
1437	947
1368	645
1390	645
1411	627
1388	623
1481	680
1463	655
1488	655
1475	632
1400	704
1367	696
1391	683
1361	676
1381	662
1432	726
1416	714
1433	709
1422	690
1410	662
1430	658
1449	734
1470	715
1446	711
1465	695
1450	681
1396	540
1407	523
1380	515
1405	503
1457	560
1427	547
1440	532
1456	519
1420	498
1421	525
1496	562
1475	562
1490	538
1469	533
1391	611
1369	611
1383	584
1395	564
1369	555
1499	617
1468	602
1492	598
1482	590
1461	582
1488	579
1448	630
1414	602
1439	598
1422	575
1446	568
1403	972
1386	968
1415	955
1393	949
1379	932
1403	931
1365	946
1367	882
1367	917
1372	960
1381	1042
1349	1042
1346	1063
1360	1070
1370	1076
1422	796
1419	774
1424	752
1421	734
1422	859
1425	968
1400	908
1382	896
1406	895
1419	880
1401	880
1399	860
1411	916
1419	908
1373	862
1393	1094
1391	1075
1405	1069
1397	1051
1385	1102
1388	779
1384	758
1369	746
1403	736
1385	723
1398	757
1394	802
1383	816
1366	824
1349	846
1369	842
1381	840
1407	837
1392	835
1322	844
1302	892
1317	873
1331	889
1347	914
1353	870
1355	891
1292	861
1292	908
1314	906
1318	760
1332	789
1345	816
1346	758
1360	803
1363	780
1295	741
1325	732
1352	724
1308	721
1326	708
1340	695
1321	680
1344	667
1313	648
1341	635
1313	622
1346	611
1322	602
1303	592
1321	576
1306	573
1321	532
1349	530
1356	500
1327	498
1334	560
1346	585
1284	794
1293	810
1302	784
1312	814
1295	519
1264	508
1293	490
1256	472
1307	466
1279	462
1256	552
1301	550
1277	531
1251	531
1247	582
1253	565
1267	594
1278	565
1285	625
1285	605
1284	656
1292	684
1293	707
1366	382
1388	364
1408	348
1368	346
1316	368
1317	357
1340	387
1341	362
1344	398
1242	394
1250	368
1257	381
1278	400
1291	374
1308	387
1254	455
1258	408
1266	433
1288	427
1357	472
1336	452
1359	438
1316	437
1351	422
1324	411
1376	485
1391	478
1390	458
1367	420
1374	404
1389	392
1196	467
1199	404
1211	451
1229	419
1241	439
1229	485
1227	517
1142	396
1158	381
1188	376
1220	375
1116	423
1127	411
1143	424
1161	442
1172	414
1183	438
1113	473
1119	464
1101	456
1117	447
1081	414
1090	431
1096	403
1101	419
1104	434
1072	383
1087	357
1093	386
1096	368
1108	374
1121	385
1024	95
1057	84
1035	71
1071	63
1089	97
1090	60
1098	36
1134	50
1141	87
1176	44
1114	101
1061	148
1023	140
1040	129
1062	120
1024	114
1090	127
1101	149
1115	124
1136	147
1141	124
1118	161
1131	176
1097	181
1082	163
1014	203
1040	199
1004	187
1062	171
1019	169
1041	166
1030	249
1001	244
1056	227
1016	226
1180	291
1180	228
1189	277
1206	265
1207	233
1190	307
1216	344
1186	339
1100	314
1083	280
1078	260
1099	239
1096	222
1074	206
1115	300
1119	274
1140	238
1141	300
1148	271
1115	332
1143	283
1055	333
1039	325
1017	310
1046	307
1027	284
1061	283
1043	360
1991	697
2011	691
2034	684
1991	674
1977	674
2013	663
2044	665
2032	642
2002	638
1998	616
2018	614
2045	613
2028	596
2006	595
1986	592
2040	587
2014	581
2041	738
2009	727
2023	719
2042	703
2027	751
2040	763
1952	568
1995	568
2028	563
1984	550
1103	515
1119	519
2031	489
2032	473
2027	509
2022	533
1995	536
2003	512
1065	618
1043	606
1071	597
1030	584
1032	584
1058	582
1032	662
1055	659
1029	635
1053	634
1028	526
1042	488
1044	530
1062	507
1083	528
1084	492
1011	575
1024	554
1033	560
1047	564
1060	552
1101	551
1008	704
1020	689
1040	709
1050	723
1075	682
1061	695
957	688
969	705
973	725
976	686
984	706
952	664
970	655
990	625
999	665
1006	633
1011	610
995	606
1269	792
1249	787
1230	768
1262	748
1241	746
1271	725
1246	720
1246	694
1268	689
1086	612
1114	609
1118	576
1079	570
1136	548
1275	869
1262	840
1285	832
1248	828
1269	819
1282	894
1184	619
1228	608
1160	602
1203	590
1170	580
1254	616
1142	655
1104	653
1111	643
1086	640
1121	626
1150	623
1216	675
1169	663
1228	651
1210	642
1175	640
1252	648
1240	673
1226	633
1086	661
1089	701
1094	675
1113	703
1121	667
1150	705
1172	687
1178	708
1188	678
1189	710
1222	704
1176	756
1120	754
1152	748
1181	734
1137	726
1165	726
1043	780
1053	735
1060	768
1065	738
1079	744
1093	760
1056	755
1105	732
1032	818
1052	818
1054	793
1070	800
1087	815
1104	802
1087	783
1120	825
1134	804
1158	803
1118	782
1155	779
1136	767
1062	870
1040	868
1059	854
1042	840
1069	836
1103	840
1124	849
1105	857
1066	937
1041	929
1073	915
1024	903
1049	896
1072	889
1002	828
1005	809
1013	792
992	778
1019	777
991	843
992	867
1014	845
1015	871
988	889
1001	909
1011	929
1023	922
986	740
996	762
1014	739
1039	755
958	774
960	742
964	782
966	767
974	755
976	801
979	822
973	859
979	837
898	668
910	643
915	670
923	631
933	648
940	675
888	711
898	691
908	703
923	678
925	698
940	706
843	666
849	681
861	664
876	696
807	657
810	691
815	648
827	671
836	693
754	671
756	649
770	664
782	652
786	682
864	908
903	905
881	888
909	885
865	884
873	854
885	866
872	818
897	815
844	917
838	895
818	894
823	870
850	860
845	834
894	966
918	964
913	938
890	929
859	988
835	984
866	961
848	958
833	955
856	935
926	1036
905	1028
910	1011
895	1010
886	988
911	987
912	1091
871	1085
851	1079
865	1060
914	1050
854	1037
844	1022
869	1016
848	1006
791	1051
801	1038
778	1028
791	962
781	1071
778	1109
785	1095
767	1135
752	988
770	1001
787	998
797	1009
750	1153
759	1050
759	1103
759	1074
734	1130
745	1129
890	1126
737	1115
723	1033
752	1025
712	1018
733	1015
699	1098
721	1096
742	1090
713	1067
737	1055
714	1052
695	1138
698	1183
705	1123
706	1161
722	1160
726	1141
679	229
690	207
659	190
689	176
663	168
628	245
632	220
613	206
613	178
617	286
641	283
604	264
641	257
577	207
594	193
574	180
574	160
847	601
879	600
893	597
861	590
893	584
844	646
865	643
879	630
846	628
828	614
869	622
770	647
772	600
792	596
807	622
811	608
813	635
812	591
820	585
719	634
729	613
732	633
744	635
754	637
757	608
652	520
615	510
597	501
650	493
634	575
648	545
660	572
673	544
643	558
679	527
718	547
727	584
753	590
612	595
601	571
616	568
624	552
599	541
627	534
568	558
569	540
581	548
583	518
578	583
595	586
596	620
583	639
618	647
625	621
643	605
650	639
845	542
829	534
817	522
849	518
827	486
815	567
853	565
833	556
877	556
801	554
754	567
776	507
788	503
795	483
797	498
794	529
738	457
743	495
749	524
756	467
770	522
770	494
770	546
760	540
754	576
665	475
712	471
715	502
727	502
729	476
719	523
595	320
589	286
587	260
568	254
591	234
568	223
597	353
643	370
619	350
644	343
618	327
631	311
654	312
689	307
681	280
684	266
676	261
666	368
665	345
667	397
664	422
618	481
621	394
627	433
645	471
649	395
435	551
530	218
551	236
553	210
368	570
386	545
404	579
408	535
414	562
428	583
383	620
413	614
364	604
386	599
425	595
307	610
308	569
311	585
344	584
352	554
281	617
274	350
280	370
287	398
363	539
677	887
694	875
695	846
676	843
708	840
704	881
718	880
753	940
761	915
731	900
753	890
766	872
738	868
772	947
783	939
791	921
789	897
794	872
777	854
726	998
700	987
716	976
744	968
675	738
675	718
682	750
694	751
694	727
774	760
776	714
784	750
784	731
806	771
814	744
823	705
721	735
724	767
748	749
753	728
757	777
695	823
677	804
698	798
679	791
699	770
733	846
728	828
757	823
724	815
749	812
733	798
774	796
776	816
793	825
795	792
814	813
806	850
842	811
669	913
693	911
709	906
652	895
637	889
659	872
630	853
649	851
632	828
651	817
625	805
660	798
682	688
688	663
666	662
676	644
673	622
690	957
719	954
694	934
723	929
657	782
637	770
630	747
645	732
622	727
654	718
605	701
640	700
613	686
651	685
626	668
602	658
427	969
448	966
439	943
448	925
417	911
431	886
439	1047
474	1037
449	1018
475	1007
428	1003
457	992
447	1095
449	1069
479	1065
422	1065
179	830
207	846
225	817
237	840
267	850
299	842
262	825
312	816
290	813
256	873
294	869
294	983
294	950
314	970
318	1001
347	980
368	1003
382	974
387	1029
392	1005
407	979
409	1031
404	940
413	955
394	917
411	645
414	685
433	635
434	665
344	687
371	680
381	654
386	693
399	677
254	755
254	641
324	672
327	643
274	789
288	757
297	778
311	793
175	796
190	773
206	785
225	753
230	769
248	789
