1659	790
1675	782
1645	777
1671	768
1658	767
1648	752
1718	854
1728	849
1736	842
1766	826
1764	857
1679	854
1680	844
1682	826
1699	859
1702	826
1709	841
1707	792
1714	801
1688	781
1675	819
1652	812
1682	809
1667	805
1641	829
1643	859
1654	841
1656	853
1664	827
1596	828
1608	852
1610	833
1625	862
1626	842
1591	782
1594	800
1614	802
1636	800
1608	752
1578	745
1595	736
1580	728
1591	757
1573	758
1610	778
1566	872
1572	837
1573	859
1588	869
1591	854
1591	840
1551	773
1563	770
1545	761
1563	746
1542	744
1561	821
1544	817
1570	810
1539	788
1562	788
1537	840
1541	857
1544	872
1550	833
1556	863
1575	677
1538	677
1561	669
1583	668
1569	654
1657	682
1635	682
1675	673
1635	662
1651	649
1632	638
1600	719
1570	712
1605	699
1579	697
1567	693
1590	688
1627	720
1618	678
1612	669
1612	645
1552	734
1543	725
1550	709
1538	695
1555	687
1643	715
1642	697
1625	697
1669	694
1660	720
1669	709
1650	733
1664	746
1634	749
1650	573
1601	564
1580	563
1653	561
1636	560
1620	554
1536	582
1542	615
1545	596
1547	580
1555	563
1568	583
1623	619
1605	609
1626	607
1621	594
1603	592
1608	581
1651	629
1665	612
1645	605
1660	593
1595	642
1541	639
1560	636
1573	629
1592	625
1579	624
1505	684
1516	679
1500	670
1531	659
1521	698
1527	687
1532	712
1497	648
1498	612
1500	628
1513	640
1516	611
1530	641
1470	653
1472	671
1474	615
1474	604
1478	628
1474	586
1446	577
1464	574
1472	556
1469	544
1442	541
1483	531
1431	528
1400	442
1416	432
1435	419
1403	403
1457	434
1475	445
1492	447
1446	471
1456	480
1477	477
1478	460
1505	463
1404	457
1407	479
1407	464
1413	505
1426	476
1430	460
1448	497
1468	499
1484	501
1493	488
1501	511
1476	520
1466	523
1411	604
1425	594
1407	581
1421	571
1414	553
1415	536
1421	723
1431	716
1437	705
1418	644
1379	739
1379	713
1391	730
1397	745
1405	720
1412	704
1406	762
1415	769
1433	762
1421	747
1432	737
1337	970
1341	956
1356	956
1353	939
1376	948
1404	941
1391	935
1409	924
1381	919
1405	906
1384	896
1409	889
1391	873
1411	870
1364	926
1345	924
1358	911
1353	900
1343	885
1356	881
1328	868
1311	854
1299	852
1329	850
1328	894
1336	907
1331	922
1329	940
1339	939
1409	985
1408	976
1395	974
1395	956
1407	955
1391	991
1399	999
1384	1008
1358	1001
1341	1000
1370	988
1342	983
1354	973
1376	972
1397	796
1416	791
1425	786
1404	784
1439	781
1438	795
1323	794
1329	814
1352	814
1360	804
1372	820
1379	799
1383	806
1399	814
1430	809
1283	842
1322	839
1302	837
1280	826
1285	808
1307	805
1404	851
1387	849
1421	842
1421	829
1391	827
1520	845
1513	858
1527	868
1371	864
1358	848
1341	837
1358	832
1445	265
1469	265
1450	250
1477	246
1486	223
1460	219
1452	319
1469	305
1488	292
1448	281
1483	326
1464	334
1493	312
1496	268
1502	181
1504	163
1510	206
1522	153
1497	138
1506	229
1392	216
1419	249
1425	225
1435	257
1426	269
1430	277
1433	292
1430	311
1437	335
1239	168
1219	168
1228	157
1237	153
1252	153
1260	170
1263	145
1275	185
1278	161
1293	158
1211	209
1229	204
1208	195
1226	186
1247	186
1249	201
1254	230
1256	212
1269	201
1281	236
1281	215
1229	263
1207	260
1202	246
1222	244
1199	229
1234	222
1217	302
1238	292
1209	284
1226	278
1263	288
1272	279
1253	267
1273	262
1281	268
1286	288
1267	302
1281	307
1198	316
1199	344
1201	334
1213	351
1213	326
1231	365
1254	360
1257	346
1237	345
1238	324
1261	324
1248	381
1256	406
1268	378
1272	402
1169	237
1176	218
1182	262
1183	238
1189	248
1154	534
1165	521
1179	522
1193	535
1152	572
1184	571
1178	559
1190	555
1155	547
1172	546
1141	557
1122	554
1126	538
1141	538
1124	525
1140	522
1203	609
1181	605
1167	603
1196	596
1183	587
1166	584
1185	641
1165	640
1197	636
1157	624
1174	617
1217	642
1138	626
1131	606
1127	584
1133	573
1114	617
1110	641
1122	651
1146	645
1144	602
1175	696
1173	678
1192	670
1167	666
1175	655
1189	694
1207	694
1208	675
1210	662
1196	360
1198	380
1208	392
1211	372
1225	387
1231	408
970	369
993	364
1014	357
1028	368
1037	381
1057	373
1008	374
1014	387
1016	416
1034	427
1031	441
1052	432
1052	414
1057	397
1070	420
1076	407
1146	471
1114	469
1161	467
1154	457
1116	454
1128	433
1214	448
1211	463
1168	433
1089	485
1098	502
1101	470
1102	456
1150	512
1128	510
1141	498
1157	495
1138	485
1188	505
1201	495
1198	476
1201	487
986	572
999	605
1010	584
1022	601
1025	580
1028	568
1043	570
997	472
966	468
993	456
979	453
992	560
993	540
964	521
964	505
987	490
971	489
1014	563
939	589
959	611
962	586
978	598
978	611
981	586
924	459
926	484
934	500
945	468
948	491
926	510
937	519
945	528
955	533
959	551
922	562
944	550
971	540
883	476
891	496
900	460
907	488
910	475
883	584
894	570
894	588
903	597
908	572
918	584
874	547
883	523
894	546
903	533
906	548
906	509
834	590
837	573
846	585
854	604
869	576
876	597
827	555
848	545
833	537
854	530
840	526
827	515
857	562
868	514
842	507
823	465
834	470
850	464
854	485
857	500
869	480
988	399
999	396
965	395
973	381
990	377
960	419
978	431
989	444
989	421
1003	436
914	410
927	392
938	411
944	384
950	396
957	379
853	446
883	445
930	426
935	444
946	434
905	443
783	379
797	390
800	413
895	414
879	424
864	426
847	694
828	686
842	679
852	672
860	684
858	698
870	698
781	713
831	711
794	705
816	703
833	760
840	751
850	748
839	736
858	731
852	716
786	724
789	748
794	735
803	767
811	727
818	753
861	611
870	616
884	630
887	606
912	617
899	616
899	634
924	617
788	617
789	628
805	605
809	629
828	609
830	635
843	637
844	614
852	624
853	640
838	651
839	665
862	655
878	676
883	653
893	666
779	679
779	669
778	650
766	641
769	624
766	604
804	683
792	676
822	659
802	655
769	557
785	545
810	541
770	531
810	524
785	515
769	574
784	594
786	570
806	570
818	586
763	503
789	491
793	475
812	475
814	493
736	528
744	565
745	545
753	591
758	564
754	519
765	426
774	415
765	396
764	376
767	358
762	338
719	389
725	378
731	402
744	390
751	411
702	325
707	337
721	327
729	338
744	333
750	348
717	358
700	371
673	363
689	351
669	343
685	335
666	331
666	397
672	386
677	407
684	386
696	407
702	391
715	412
718	449
725	437
726	419
705	436
688	440
680	446
661	439
663	421
635	538
648	528
631	521
641	511
654	507
638	490
666	487
666	526
679	508
685	526
689	490
694	521
691	541
676	547
676	560
651	578
657	564
639	558
656	545
653	477
673	475
693	474
635	469
696	461
655	457
644	445
624	437
634	421
651	411
640	393
609	371
650	371
630	370
652	349
635	345
631	322
482	689
492	655
493	678
506	662
515	648
525	665
520	684
503	696
453	646
453	632
455	663
468	679
469	663
446	549
429	548
456	546
439	545
431	531
446	530
478	527
485	549
499	540
515	547
503	558
514	568
484	570
468	563
428	585
435	582
446	570
431	565
427	604
440	608
445	592
454	609
462	625
469	591
477	607
494	596
497	621
510	587
517	599
520	614
507	632
480	635
415	653
417	620
424	634
435	651
438	627
441	671
441	691
410	688
470	500
471	470
480	450
489	483
500	470
506	496
485	499
465	516
426	515
456	506
435	503
491	516
511	520
518	511
430	481
417	478
449	464
456	452
409	423
429	438
443	433
449	424
457	436
477	426
387	449
388	460
394	435
404	461
404	440
236	531
216	527
236	517
224	508
212	507
204	612
211	594
218	612
229	597
239	608
208	581
221	576
204	564
223	547
204	546
170	744
174	766
176	793
187	799
190	777
198	786
205	772
209	757
192	735
215	738
220	724
227	740
230	717
220	704
236	700
203	697
233	687
220	682
208	672
189	684
166	683
152	672
166	667
184	662
144	755
144	783
153	762
156	800
132	629
137	640
144	622
146	643
210	648
213	626
223	642
229	626
235	645
242	626
232	668
227	655
243	659
159	652
184	644
183	633
166	633
173	718
159	715
168	700
184	699
156	695
197	717
182	503
183	540
186	555
187	524
195	504
192	576
173	575
139	513
143	528
145	546
162	544
164	506
153	575
139	605
156	610
163	592
169	613
179	591
82	597
104	574
106	586
121	568
130	580
94	601
94	616
108	625
116	610
