2001	940
2006	1009
2011	967
2017	990
1973	925
1993	913
2005	894
1976	891
1997	878
1977	866
1990	851
1994	789
1997	827
1999	799
2030	886
2025	864
2035	847
2033	832
2027	807
2044	812
2039	792
2023	947
2026	935
2026	915
2045	912
2035	901
2044	889
2031	974
2045	983
2031	989
1954	982
1959	965
1962	945
1975	996
1982	957
1983	982
1933	810
1938	837
1948	814
1964	790
1972	839
1978	787
1972	811
1926	860
1937	888
1952	876
1954	906
1940	942
1938	924
1921	944
1902	939
1926	924
1916	917
1902	916
1925	899
1914	988
1926	986
1897	973
1925	967
1908	958
1936	956
1884	1032
1894	1017
1908	1008
1887	998
1853	959
1879	957
1850	943
1875	932
1853	914
1844	894
1848	866
1859	879
1867	893
1879	876
1893	868
1908	884
1882	910
1846	994
1847	976
1865	998
1867	976
1866	1032
1842	1027
1807	923
1807	937
1813	954
1824	930
1829	954
1713	868
1811	904
1824	906
1838	880
1717	971
1734	965
1719	949
1724	935
1699	954
1693	979
1707	987
1675	924
1685	906
1700	904
1702	930
1723	901
1729	915
1656	874
1674	872
1674	871
1676	856
1692	881
1696	862
1692	1011
1698	1026
1706	1016
1713	1033
1724	1016
1633	1053
1663	1052
1636	1025
1654	1021
1643	960
1626	955
1619	940
1636	927
1623	915
1669	946
1658	959
1673	967
1557	972
1557	953
1547	935
1559	923
1574	942
1576	975
1583	990
1601	985
1600	970
1602	951
1603	933
1585	927
1621	1002
1623	981
1646	997
1648	981
1661	1000
1684	996
1701	999
1601	1044
1605	1023
1588	1022
1596	1003
1609	1063
1652	1109
1667	1098
1630	1097
1644	1087
1625	1079
1654	1069
1677	1074
1646	942
1648	910
1653	891
1658	922
1614	894
1614	844
1624	864
1625	876
1626	887
1643	849
1601	914
1579	907
1594	888
1604	868
1581	868
1543	914
1560	906
1546	896
1567	886
1550	880
1555	866
1599	751
1614	742
1580	740
1560	739
1592	731
1557	728
1535	781
1536	756
1551	776
1552	754
1588	793
1607	791
1629	786
1596	774
1618	766
1575	764
1629	839
1596	836
1612	831
1577	824
1609	815
1628	809
1542	809
1551	830
1558	791
1562	806
1571	842
1154	844
1163	835
1169	856
1531	825
1540	853
1143	404
1147	419
1167	414
1174	377
1182	390
1183	419
1154	385
1221	450
1226	415
1230	435
1242	456
1110	456
1125	452
1147	449
1114	437
1152	434
1179	446
1190	432
1196	458
1203	413
1204	440
1211	374
1212	364
1104	468
1107	490
1125	493
1131	474
1147	503
1154	487
1163	512
1163	469
1171	492
1182	517
1114	537
1098	531
1125	519
1107	516
1094	500
1199	541
1211	525
1199	505
1219	497
1191	484
1227	474
1260	546
1260	515
1257	500
1276	494
1226	617
1250	614
1251	598
1234	589
1255	575
1234	566
1094	578
1082	577
1088	558
1104	555
1097	545
1109	574
1125	630
1127	615
1142	605
1103	644
1099	630
1082	621
1099	613
1106	599
1084	598
1053	779
1059	796
1072	791
1072	777
1085	780
1087	796
1104	780
1105	795
1122	777
1131	785
1131	800
1097	839
1101	820
1114	849
1135	829
1144	853
1149	822
1095	898
1126	896
1151	891
1175	887
1166	905
1174	921
1164	932
1146	914
1136	931
1074	880
1089	874
1060	872
1065	859
1097	859
1133	874
1115	882
1159	874
1188	877
1083	847
1074	844
1070	833
1057	830
1068	822
1083	821
1037	890
1040	879
1042	855
1049	865
1056	845
1042	837
1023	902
1025	891
1042	905
1057	893
1070	906
1081	901
986	791
966	790
998	785
971	777
984	777
997	819
963	817
963	805
975	804
998	802
986	811
967	839
988	837
961	833
977	832
969	826
998	861
965	860
981	856
958	851
974	847
969	893
986	887
986	872
964	872
924	888
934	893
941	879
950	899
950	881
956	888
1113	962
1128	957
1138	970
1152	945
1164	965
1059	916
1069	930
1076	921
1085	915
1089	936
1103	919
1123	918
1111	936
1014	916
1018	935
1029	922
1033	937
1045	928
949	933
951	948
960	933
964	944
994	960
999	947
990	935
985	923
997	918
1023	961
1028	943
1033	967
1037	951
1049	967
1049	946
943	978
934	967
925	966
946	964
921	949
936	946
931	935
939	921
924	913
897	1018
909	1011
910	1033
926	1035
943	1017
949	1026
891	950
893	966
905	956
906	979
900	929
905	915
1063	953
1066	977
1080	957
1085	970
1092	953
951	1000
958	963
963	989
983	998
989	977
1021	1006
1049	1002
1021	989
1035	984
1046	984
1020	976
1068	995
1078	983
967	1020
956	1019
1057	1017
1033	1015
1034	1059
1021	1053
1035	1040
1019	1039
1056	1036
1020	1028
1068	1031
1056	1057
1046	1070
827	990
831	1006
842	997
892	1001
908	997
933	1006
898	989
837	1073
854	1071
814	1067
845	1052
824	1046
831	1058
901	1047
939	1042
812	1022
821	1030
830	1019
840	1031
847	1013
807	1098
839	1093
854	1091
822	1089
864	1082
819	1147
822	1130
841	1130
854	1112
841	1110
837	1151
806	1138
383	518
387	537
397	555
403	537
415	552
388	597
353	582
378	581
414	570
356	566
375	565
395	577
407	587
423	588
342	621
344	596
333	593
342	575
334	574
381	611
370	610
352	610
360	596
413	608
415	640
341	672
322	665
330	648
341	643
376	686
354	681
377	669
351	655
366	643
361	626
497	641
476	628
490	627
484	618
505	618
480	613
456	569
444	557
448	546
437	532
450	519
483	604
468	603
494	600
488	586
466	586
478	574
466	553
468	525
482	517
519	596
537	591
512	585
534	575
556	582
549	572
505	570
523	569
538	561
512	559
529	557
494	554
517	547
503	537
516	531
490	529
472	706
507	685
508	662
492	655
456	672
437	669
441	647
434	622
438	613
458	694
448	706
430	699
438	688
605	762
612	772
618	749
627	795
631	775
595	757
645	749
653	795
657	772
673	782
674	801
683	788
653	734
668	747
686	756
631	842
669	835
615	825
657	822
633	815
581	848
595	848
573	833
588	824
601	807
581	803
585	783
602	787
293	844
294	813
311	848
311	825
301	867
296	881
292	795
301	795
253	793
278	785
263	777
316	788
317	773
319	807
336	805
339	770
355	789
390	782
372	773
375	754
418	711
377	699
248	805
251	815
261	822
266	838
272	808
276	829
276	854
283	875
421	818
432	812
404	806
415	798
401	790
360	819
384	828
390	806
395	851
400	830
379	868
372	852
346	859
328	871
329	846
350	835
338	820
393	877
426	869
395	866
410	866
414	845
417	829
779	1048
790	1028
795	1013
801	1042
797	1061
804	1084
780	1063
785	1068
738	998
756	1005
769	1000
789	998
803	1002
715	1030
729	1022
732	1042
746	1028
754	1046
765	1021
682	993
695	985
697	1003
700	1017
714	1009
717	995
682	970
713	973
729	972
741	967
752	972
745	985
674	982
628	902
628	917
642	898
643	921
657	904
672	918
627	967
634	956
646	966
664	966
666	943
619	983
623	997
643	1005
651	985
663	991
598	951
586	940
584	928
600	927
578	909
603	909
625	947
610	938
616	882
650	882
639	870
617	860
653	854
591	890
571	886
578	871
597	868
741	905
719	898
736	885
717	883
720	871
748	922
752	881
759	914
761	897
775	905
684	890
698	874
703	890
705	856
690	911
694	930
688	947
728	950
714	937
737	937
729	922
709	919
707	954
506	1076
530	1069
489	1062
520	1054
502	1043
484	1043
529	1001
545	999
543	983
530	978
493	1030
519	1021
502	1009
509	986
492	981
514	969
548	968
532	958
545	953
503	948
524	946
532	939
546	923
489	956
453	954
468	947
464	931
484	928
451	928
549	1090
552	1069
554	1044
534	1042
549	1028
537	1020
538	1110
443	987
445	969
461	996
470	969
479	1007
490	1112
500	1105
491	1091
523	1090
490	1127
516	1120
523	1142
531	1127
521	916
525	879
542	888
546	905
458	914
465	916
466	889
477	905
486	885
496	916
404	885
429	893
446	899
451	883
376	913
376	892
389	931
395	904
408	910
429	922
422	933
338	891
348	908
356	878
362	924
363	904
