2041	939
2007	937
2039	923
2023	920
2044	908
2019	886
2042	877
2017	875
2039	865
1982	909
2009	907
1995	892
1978	884
1999	873
1973	866
2042	847
2038	827
2027	826
2040	804
2025	802
2043	784
2019	1036
2031	1017
2039	997
2043	977
2039	963
2001	1034
1992	1021
1998	1005
1991	857
1993	840
2016	839
2008	825
2025	860
2001	833
1980	820
1998	820
1987	809
2009	797
1997	783
1985	782
1988	954
1981	944
1977	932
1991	928
2007	963
1993	979
1978	1000
1950	805
1956	786
1968	823
1969	807
1525	756
1508	739
1522	723
1507	706
1524	700
1499	762
1523	784
1515	621
1499	619
1508	602
1499	587
1524	587
1512	680
1528	674
1495	662
1512	653
1511	637
1480	684
1461	676
1461	657
1482	647
1461	640
1477	622
1480	726
1484	708
1455	708
1469	705
1462	730
1480	749
1486	771
1451	605
1475	599
1460	586
1486	581
1454	573
1472	565
1439	454
1398	450
1385	435
1418	430
1390	414
1406	414
1411	495
1434	495
1426	484
1444	483
1439	470
1462	474
1464	512
1476	497
1478	507
1484	483
1494	500
1415	551
1456	550
1436	544
1419	529
1408	516
1441	509
1477	546
1479	527
1455	526
1378	538
1354	522
1375	522
1390	501
1400	483
1400	470
1401	552
1503	527
1508	510
1525	514
1542	516
1511	542
1498	564
1435	643
1441	629
1419	629
1433	609
1419	610
1444	659
1445	673
1447	688
1414	592
1439	588
1409	577
1425	577
1436	564
1285	626
1269	624
1388	558
1363	556
1395	571
1389	593
1387	612
1396	624
1215	629
1218	613
1233	603
1240	631
1246	603
1257	616
1094	542
1077	537
1106	530
1086	524
1102	515
1079	559
1086	579
1094	596
1097	558
1104	579
1116	579
1065	596
1051	592
1069	577
1056	568
1061	548
1117	545
1120	513
1126	525
1129	553
1138	534
1111	562
1113	604
1046	608
1050	631
1060	620
1065	644
1080	650
1095	643
1078	634
1106	626
1083	617
1085	606
1154	719
1174	718
1167	697
1156	691
1179	683
1169	678
1121	751
1125	738
1124	724
1134	704
1123	693
1090	691
1090	680
1112	662
1145	683
1139	681
1147	670
1081	723
1089	708
1104	715
1113	720
1117	710
1157	652
1178	656
1189	640
1196	647
1215	645
1229	647
1259	645
1280	647
1300	652
1224	670
1208	668
1190	665
1231	661
1267	666
1260	661
1235	708
1243	679
1249	695
1251	704
1264	684
1295	685
1278	677
1189	685
1190	706
1208	698
1214	713
1224	686
1237	739
1247	732
1227	725
1247	719
1194	763
1155	756
1177	744
1159	734
1198	729
1227	761
1214	745
923	738
932	754
948	748
949	735
947	758
946	774
937	778
926	785
944	792
911	725
913	706
923	695
930	720
939	698
950	715
906	772
922	769
889	759
911	751
889	750
893	736
753	792
864	761
872	764
879	777
857	793
1101	769
1109	783
1121	766
1135	773
1140	787
1196	790
1155	786
1169	776
1208	776
1151	771
1132	822
1107	809
1138	802
1105	794
1123	793
1166	818
1179	806
1157	804
1210	801
1146	844
1146	835
1154	827
1174	832
1189	848
1206	828
1195	815
1096	828
1097	844
1107	827
1111	846
1117	833
1126	848
1123	875
1097	864
1137	861
1109	861
1144	876
1149	856
1167	862
884	833
864	826
856	814
870	809
887	796
899	815
905	793
914	820
915	803
928	811
913	836
921	838
940	812
960	860
966	837
973	858
1018	867
1019	885
995	897
859	864
871	860
859	850
881	846
861	843
906	889
891	888
881	879
903	875
891	858
908	857
705	793
724	813
724	788
737	783
746	815
746	805
657	847
661	834
674	835
681	822
695	839
719	865
705	852
725	847
713	830
728	828
650	896
664	894
658	880
665	870
657	865
647	864
710	932
707	915
715	905
727	881
710	880
720	913
723	896
900	1104
877	1103
880	1079
886	1066
905	1064
872	1054
889	1053
878	1038
898	1032
868	1026
900	1013
876	1005
882	989
903	988
888	940
888	906
896	925
899	945
909	925
912	903
916	961
896	962
887	963
902	1127
878	1123
919	1110
889	1108
867	1106
888	1131
893	1146
901	1162
926	1142
859	920
872	916
853	898
872	896
854	883
846	973
851	980
860	990
860	972
873	959
851	959
831	955
876	943
856	935
874	927
1085	985
1090	999
1101	1008
1118	1021
1120	1046
1020	1000
1024	1015
1039	989
1041	1020
1048	1033
1061	1010
971	996
971	1019
984	1024
989	1002
1000	1020
1007	1014
947	1037
937	1036
943	1026
935	1013
951	1010
936	1118
953	1125
941	1150
936	1167
1000	1063
993	1053
1001	1039
1018	1049
1018	1064
1023	1035
1033	1038
1057	1042
1003	987
978	981
988	981
966	975
955	955
968	955
956	1060
938	1054
954	1051
920	1044
964	1043
933	1073
948	1079
940	1092
905	1088
936	947
961	933
932	929
954	920
934	912
916	1001
931	1000
942	996
922	983
940	980
617	1046
634	1040
620	1027
638	1019
647	1073
659	1053
664	1092
666	1072
677	1092
683	1071
674	1051
692	1044
678	1031
610	1092
629	1084
612	1075
626	1062
652	1125
630	1123
651	1116
624	1104
674	1110
666	956
642	946
653	927
636	922
655	914
644	913
692	991
709	974
696	969
684	956
606	966
611	948
612	997
618	974
625	985
630	957
627	934
608	934
599	945
657	1011
633	998
656	996
665	981
637	975
650	973
694	1023
702	1016
675	1013
686	1012
706	1003
674	1001
632	1148
598	1145
620	1140
599	1125
605	1190
640	1177
626	1173
595	1172
516	1122
524	1114
514	1101
484	1095
504	1088
477	1144
496	1151
510	1139
585	1152
484	1126
467	1125
473	1111
465	1101
467	1087
495	1111
499	1129
468	1015
449	1010
487	1010
476	999
452	985
485	985
505	1049
478	1046
521	1040
491	1032
509	1032
478	1030
452	1069
471	1065
458	1051
468	1035
452	1029
487	1078
518	1078
503	1068
515	1060
489	1060
523	818
495	813
516	803
497	795
443	808
461	826
474	803
483	814
402	852
406	828
419	843
420	828
435	835
443	848
489	869
492	854
504	849
512	838
499	838
488	833
457	888
449	876
474	874
461	859
476	858
466	840
404	865
409	881
414	865
422	889
425	858
434	875
283	904
318	899
297	892
285	883
250	912
252	943
252	926
261	897
267	910
275	948
243	952
188	968
197	955
198	986
204	973
294	946
320	939
300	935
281	925
319	918
305	913
282	989
211	953
214	933
223	981
227	960
228	945
244	978
248	1017
237	1003
231	997
