1863	623
1884	618
1864	610
1878	608
1874	597
1864	590
1886	658
1877	652
1863	647
1884	643
1872	634
1891	670
1898	655
1895	640
1903	628
1901	613
1928	677
1911	665
1913	647
1946	646
1876	679
1857	679
1863	666
1873	662
1867	717
1884	713
1863	704
1874	702
1886	692
1868	689
1891	729
1903	726
1906	707
1899	684
1912	776
1901	773
1883	759
1910	745
1892	745
1927	808
1912	806
1966	806
1920	798
1931	793
1972	791
1977	804
1974	817
1859	829
1838	827
1860	809
1854	795
1916	848
1920	841
1930	828
1916	827
1923	820
1831	856
1836	844
1844	861
1858	846
1872	849
2022	571
2023	558
2029	586
2037	571
2042	583
2032	608
2030	622
2018	594
1986	579
1987	599
1996	606
2007	594
2011	610
1854	550
1859	562
1861	537
1881	538
1886	548
1874	560
1818	553
1834	544
1833	558
1965	545
1976	531
1982	564
1996	549
2010	548
1964	557
1914	540
1918	553
1922	567
1940	550
1950	562
1952	540
1881	584
1848	577
1829	574
1867	574
1810	567
1889	563
1890	595
1896	579
1902	548
1906	586
1948	605
1932	601
1911	600
1957	587
1914	587
1929	579
1977	586
1825	903
1845	892
1808	886
1834	880
1842	874
1816	870
1811	843
1821	832
1798	810
1813	807
1823	790
1830	770
1816	776
1800	787
1807	794
1807	945
1821	936
1792	931
1834	925
1814	918
1794	910
1782	907
1790	891
1790	873
1788	839
1805	832
1803	827
1778	826
1792	822
1779	814
1800	866
1774	861
1786	854
1797	852
1776	851
1724	767
1709	754
1737	750
1724	745
1643	768
1632	763
1644	755
1635	751
1648	738
1632	738
1657	756
1666	738
1646	805
1653	796
1640	788
1654	776
1687	806
1693	788
1679	775
1699	765
1697	742
1684	737
1704	820
1715	809
1707	797
1721	789
1718	781
1709	776
1641	834
1674	829
1652	823
1636	813
1665	813
1674	796
1686	825
1708	870
1692	865
1707	858
1694	856
1687	846
1647	854
1655	872
1662	844
1672	857
1677	869
1638	896
1650	906
1652	887
1658	899
1672	885
1615	887
1624	863
1625	878
1626	904
1753	647
1742	636
1744	617
1756	609
1769	637
1774	619
1791	636
1779	653
1771	669
1719	688
1711	671
1725	659
1715	647
1723	632
1695	622
1722	614
1643	684
1646	663
1658	678
1672	690
1676	675
1690	685
1693	643
1693	663
1611	632
1625	661
1626	677
1628	637
1651	628
1670	622
1670	639
1671	658
1686	720
1653	718
1636	708
1671	706
1696	702
1651	696
1712	729
1730	718
1707	713
1731	702
1714	701
1759	732
1743	731
1747	714
1752	689
1737	675
1754	667
1571	739
1538	739
1576	721
1546	717
1531	721
1520	713
1497	772
1504	759
1484	753
1496	737
1480	730
1506	724
1558	787
1547	783
1556	767
1536	760
1568	755
1555	750
1505	795
1512	782
1521	760
1524	752
1525	774
1530	791
1519	735
1551	818
1518	816
1534	812
1521	801
1545	801
1498	829
1475	813
1499	813
1490	809
1476	796
1493	786
1539	618
1538	600
1543	587
1545	579
1559	576
1561	593
1570	592
1555	609
1500	618
1523	615
1508	611
1511	598
1522	589
1524	579
1506	660
1523	659
1507	646
1520	640
1516	630
1535	681
1547	670
1538	650
1551	640
1536	638
1551	627
1470	682
1478	683
1483	672
1491	679
1502	676
1472	720
1486	718
1474	705
1520	693
1476	691
1537	698
1555	693
1378	892
1398	885
1384	882
1401	872
1390	861
1379	857
1388	846
1377	840
1393	832
1372	820
1390	816
1371	807
1383	803
1397	795
1357	777
1369	787
1369	774
1384	786
1363	881
1356	866
1364	857
1359	846
1345	835
1362	833
1350	823
1338	815
1344	808
1341	782
1347	797
1341	770
1339	763
1344	752
1331	749
1464	606
1483	603
1475	600
1490	596
1460	660
1472	656
1475	647
1461	644
1460	628
1453	616
1473	665
1486	661
1331	637
1337	622
1348	607
1356	624
1354	585
1336	580
1370	641
1371	627
1373	612
1377	591
1383	630
1394	617
1311	641
1311	602
1314	624
1319	619
1322	629
1325	609
1317	581
1303	665
1338	657
1319	656
1303	651
1353	645
1357	660
1371	657
1384	657
1397	641
1272	672
1276	661
1276	654
1286	672
1287	654
1282	691
1299	685
1314	685
1263	685
1332	692
1346	687
1345	676
1326	673
1361	676
1261	723
1264	702
1277	707
1282	718
1291	704
1428	748
1406	745
1424	733
1405	731
1433	722
1415	722
1443	735
1424	716
1425	688
1300	729
1301	712
1309	717
1309	701
1321	706
1318	751
1402	777
1388	767
1407	765
1418	758
1391	751
1316	395
1297	393
1281	390
1305	386
1317	371
1332	357
1315	338
1297	346
1338	414
1318	412
1309	412
1330	407
1333	434
1321	433
1313	425
1329	422
1259	431
1265	420
1273	408
1279	428
1289	410
1282	450
1264	447
1305	445
1271	441
1295	437
1291	460
1305	473
1312	484
1326	469
1335	479
1285	471
1293	486
1324	453
1335	448
1281	503
1273	496
1266	488
1281	486
1271	477
1284	518
1264	515
1274	510
1301	510
1255	507
1301	524
1303	497
1320	492
1328	500
1272	547
1244	543
1289	539
1258	539
1276	532
1248	528
1184	602
1194	592
1202	587
1213	608
1201	609
1198	620
1226	654
1196	653
1199	637
1218	636
1191	675
1197	699
1203	685
1215	673
1216	710
1242	724
1251	712
1247	692
1232	688
1241	681
1253	675
1180	725
1157	723
1179	708
1160	705
1182	693
1162	690
1127	743
1141	738
1132	730
1138	718
1125	711
1115	705
1120	690
1143	694
1126	676
1120	759
1135	762
1151	768
1156	741
1161	754
1177	772
1181	757
1172	757
1177	741
1191	730
1176	673
1161	672
1165	657
1178	654
1159	605
1159	624
1163	591
1167	638
1177	588
1181	630
1135	660
1142	609
1145	643
1148	662
1138	624
1145	629
1132	635
1149	590
1098	635
1107	653
1112	627
1117	641
1120	667
1126	652
1142	802
1134	793
1140	783
1128	775
1147	817
1154	805
1162	786
1172	804
1185	794
1188	812
1177	788
1185	780
1156	845
1101	845
1113	845
1142	832
1105	825
1163	825
1179	827
1091	854
1096	873
1107	859
1115	868
1120	858
1097	888
1116	882
1128	877
1078	910
1091	906
1088	899
1068	898
1081	891
1105	901
1105	915
1061	816
1067	832
1077	818
1092	834
1097	815
1067	881
1077	874
1061	861
1055	852
1073	851
1056	805
1061	790
1076	789
1060	774
1077	768
1055	763
1028	788
1036	802
1042	774
1047	785
1049	817
1027	817
1028	830
1047	834
1036	845
1019	797
1018	775
1004	771
998	755
1006	785
997	792
1009	814
994	814
1035	665
987	664
1015	661
1003	654
1028	652
1051	670
1058	724
1044	721
1064	712
1049	705
1057	694
1058	684
992	743
1006	740
1005	715
992	700
1005	689
995	678
1068	755
1076	751
1065	744
1053	741
1071	738
1013	698
1018	679
1026	705
1038	687
1023	722
1033	760
1030	737
1102	592
1107	608
1117	581
1121	594
1126	620
1137	588
1076	632
1078	601
1079	615
1087	604
1039	533
1052	533
1049	523
1043	509
1064	506
1082	500
1082	490
1086	467
967	523
1000	511
969	504
988	498
1003	488
985	473
1015	508
1028	524
1000	459
1006	557
991	544
1005	535
981	526
1026	569
1052	567
1038	560
1056	549
1025	545
998	607
976	592
997	580
981	565
1016	592
1016	619
1030	601
1044	582
971	764
973	748
965	745
976	730
969	714
975	703
990	725
963	684
964	663
974	693
976	671
980	683
960	772
960	786
961	798
978	789
978	803
984	773
993	777
954	760
929	757
943	751
921	746
954	731
937	730
921	722
945	713
955	698
949	674
940	682
929	659
948	654
920	791
928	772
941	780
942	794
990	842
963	837
1007	834
985	829
957	821
974	818
1022	839
971	870
988	864
957	856
976	852
1010	850
1019	865
1030	857
923	840
923	830
927	815
943	834
946	805
912	853
912	843
920	854
936	857
940	845
940	869
928	870
918	870
891	801
898	812
905	795
910	813
880	867
883	847
892	862
896	850
878	805
879	833
880	812
886	822
889	840
958	887
984	883
948	880
938	878
882	905
856	903
871	895
855	888
846	887
883	886
936	921
952	920
931	910
956	909
945	902
971	898
895	936
874	933
884	920
865	914
897	912
907	937
910	921
910	903
921	895
922	927
899	896
907	887
914	884
895	878
903	668
908	650
911	639
928	635
929	643
918	646
891	720
905	708
928	699
905	691
923	680
887	678
878	753
890	759
899	747
906	765
905	729
875	772
883	785
892	786
895	778
861	698
864	728
868	712
877	720
879	707
885	734
875	671
872	688
851	763
853	746
853	716
854	733
842	787
858	790
861	775
870	759
873	790
873	775
819	782
828	758
828	768
829	785
842	756
844	772
869	880
848	874
858	865
861	854
857	845
871	844
851	830
866	829
858	820
840	816
857	807
841	856
829	850
839	841
825	836
809	824
822	820
814	805
841	802
827	800
184	587
197	584
169	575
198	570
174	639
188	632
169	627
184	615
166	613
189	603
200	615
196	702
201	692
212	678
226	665
231	683
208	639
212	657
224	618
232	639
242	619
212	601
231	586
236	602
217	578
247	665
250	681
251	649
252	632
262	660
185	686
190	670
178	660
164	650
189	650
256	725
249	716
263	716
258	706
233	698
255	695
53	682
84	678
40	675
57	669
72	661
42	660
5	687
17	684
23	675
5	674
10	660
41	714
10	712
35	706
17	701
39	693
35	744
19	740
47	735
35	728
15	727
27	722
97	755
97	734
106	717
109	740
110	752
108	646
111	626
99	693
118	696
57	717
59	750
73	760
75	707
81	717
240	780
252	765
236	754
262	751
255	743
79	782
92	773
205	761
216	747
221	770
201	737
197	723
217	729
216	712
42	793
10	789
49	774
13	766
33	760
6	754
3	825
35	818
18	815
7	809
28	801
55	831
57	788
58	810
66	823
77	831
92	819
99	808
79	805
92	794
127	794
91	628
152	615
141	611
118	605
140	595
157	597
153	580
50	591
51	606
71	586
72	618
81	590
87	603
2	610
9	636
15	620
26	637
29	598
36	616
56	649
86	646
40	634
57	633
136	679
115	679
142	666
94	663
127	658
134	645
77	866
83	854
92	866
94	877
101	858
87	840
51	854
70	847
53	844
61	841
46	890
47	906
48	870
61	874
65	892
34	855
18	851
41	839
15	835
30	904
10	900
29	887
6	880
25	867
2	860
2	917
7	935
29	950
30	936
32	920
