1995	513
2005	498
1985	493
2004	479
1942	536
1933	521
1951	514
1942	501
1981	550
1962	546
1983	532
1958	529
1978	510
1972	481
2000	565
2012	559
2001	546
2020	545
2009	544
2025	524
2004	528
1970	599
1957	588
1959	579
1980	569
1961	564
1983	611
1991	579
1994	603
1994	593
2007	583
1921	593
1937	591
1923	578
1942	565
1933	558
1928	544
1933	606
1949	605
1945	618
1952	653
1968	644
1989	642
1952	641
1975	626
1958	621
1964	669
1969	657
1982	674
1991	658
1878	733
1882	744
1892	759
1899	728
1904	746
1917	754
1934	754
1928	442
1931	471
1934	485
1940	458
1945	475
1952	441
1973	408
1986	403
1968	391
1953	388
1920	424
1942	420
1929	406
1946	402
2008	457
1990	446
2018	442
2010	437
1995	423
1989	471
1959	466
1982	462
1972	444
1967	430
1984	427
1841	472
1856	473
1856	449
1883	472
1782	882
1789	910
1791	896
1799	889
1801	920
1802	907
1781	933
1789	946
1779	957
1795	872
1780	866
1775	849
1791	848
1769	836
1811	829
1799	822
1778	820
1762	826
1759	812
1752	797
1757	781
1761	764
1740	749
1757	926
1763	884
1771	920
1771	901
1770	943
1786	800
1769	787
1795	785
1780	775
1788	763
1775	757
1751	705
1759	715
1789	726
1812	692
1815	706
1790	695
1758	733
1753	748
1746	877
1737	847
1752	841
1746	827
1751	856
1739	889
1752	904
1746	917
1749	937
1698	335
1702	321
1720	332
1723	317
1733	325
1738	313
1702	272
1716	267
1710	257
1697	255
1713	306
1691	305
1729	303
1717	289
1706	287
1726	286
1680	351
1687	286
1677	281
1687	269
1678	256
1683	240
1702	240
1660	237
1684	225
1675	312
1672	299
1665	287
1665	267
1660	256
1703	361
1722	359
1712	350
1732	343
1709	377
1692	367
1705	392
1659	405
1673	401
1676	382
1668	365
1704	493
1696	483
1667	456
1681	442
1668	439
1678	431
1714	498
1695	639
1683	417
1691	412
1690	400
1690	670
1678	669
1661	659
1689	654
1732	833
1722	814
1737	812
1732	799
1713	823
1719	852
1732	865
1733	781
1717	778
1711	765
1728	762
1712	752
1727	744
1715	737
1732	726
1707	725
1718	717
1732	713
1730	703
1681	784
1694	782
1691	768
1699	761
1705	832
1695	822
1681	819
1694	812
1685	799
1706	796
1658	694
1668	683
1687	703
1697	683
1713	697
1715	684
1587	223
1607	222
1569	220
1596	203
1630	233
1558	264
1562	240
1576	237
1590	264
1590	249
1517	288
1537	284
1528	276
1542	272
1535	267
1524	265
1595	276
1599	294
1608	245
1609	262
1611	277
1540	748
1519	744
1542	735
1498	731
1522	725
1537	716
1547	782
1563	776
1559	759
1569	750
1561	739
1576	736
1510	793
1505	779
1520	779
1535	764
1506	761
1532	819
1519	815
1546	810
1555	801
1531	800
1506	803
1615	569
1634	558
1611	549
1620	539
1632	521
1653	455
1633	442
1646	437
1636	427
1627	417
1637	404
1636	392
1633	298
1618	290
1647	281
1627	278
1633	259
1621	257
1495	336
1488	328
1515	325
1500	319
1501	304
1517	303
1525	332
1525	313
1535	332
1539	295
1530	348
1531	519
1528	509
1502	449
1510	442
1497	440
1509	346
1511	509
1496	510
1503	522
1515	521
1653	675
1654	602
1623	580
1639	579
1559	722
1576	712
1563	703
1570	254
1573	272
1562	379
1242	571
1261	568
1239	557
1255	556
1235	539
1253	538
1253	612
1248	600
1237	585
1251	580
1566	678
1573	649
1575	663
1588	684
1593	660
1604	671
1556	691
1540	684
1551	664
1558	651
1459	650
1464	634
1478	666
1488	624
1490	651
1477	685
1481	702
1492	700
1508	627
1513	645
1528	639
1534	653
1520	677
1503	682
1517	691
1509	707
1531	701
1221	616
1224	633
1231	648
1238	636
1238	620
1208	561
1192	556
1220	549
1198	539
1215	535
1189	600
1209	595
1226	595
1197	579
1223	575
1211	646
1178	646
1191	643
1205	630
1189	628
1201	613
1176	544
1177	525
1180	563
1185	576
1187	527
1183	694
1202	682
1171	664
1198	663
1182	660
1218	668
1229	663
677	462
662	457
628	446
671	442
647	437
670	491
682	499
1188	477
1204	471
1216	476
615	498
621	475
632	495
642	468
655	504
1198	518
1213	515
1189	501
1211	500
1238	521
1250	512
1231	499
1245	496
1230	480
729	558
729	544
745	560
765	565
779	560
788	573
773	578
735	589
609	514
612	533
627	523
640	538
642	514
667	537
667	518
685	542
688	516
703	544
740	522
769	532
580	515
584	547
585	531
588	562
597	551
681	566
696	560
699	579
707	564
715	551
724	575
650	572
654	594
658	556
664	588
602	571
605	592
615	574
631	574
634	597
640	559
605	614
626	611
597	605
617	602
676	607
692	599
702	592
714	605
547	548
556	541
558	558
561	515
552	627
551	641
637	624
657	626
677	643
678	629
699	624
708	641
694	656
656	656
718	632
607	658
607	641
621	654
623	634
568	447
578	454
591	435
598	448
614	454
572	502
587	500
579	491
564	484
585	477
580	467
556	418
567	410
577	421
646	412
670	422
1243	400
1256	400
515	440
518	470
530	443
544	460
539	480
522	488
531	499
551	495
498	391
509	404
523	410
524	390
934	619
944	619
951	600
956	615
1012	634
990	626
1006	622
983	605
1002	602
897	661
906	656
895	651
926	649
912	640
1009	673
982	661
1004	655
980	644
998	644
942	682
955	671
945	656
952	639
940	636
966	630
899	699
909	693
926	691
918	677
901	673
892	669
842	699
845	718
866	703
871	721
854	735
849	756
832	758
807	677
812	644
823	655
830	676
836	654
826	694
849	683
858	678
793	693
795	724
799	702
814	731
818	713
829	730
738	637
750	628
763	613
768	600
775	625
736	708
752	699
776	692
726	689
742	682
765	680
724	668
741	660
770	648
790	667
797	649
817	803
823	779
839	788
846	800
856	779
739	737
762	733
780	729
750	717
787	712
796	776
798	741
803	787
809	760
812	744
805	839
787	827
787	814
776	781
735	776
752	773
770	764
731	754
755	752
735	836
741	822
724	811
743	799
728	854
688	806
691	784
703	820
710	791
613	849
614	833
630	824
642	819
651	832
655	806
636	856
650	864
700	859
684	851
711	845
688	830
721	829
676	823
712	771
677	769
689	760
710	747
679	744
699	731
720	725
681	719
712	707
674	701
692	697
666	681
706	679
691	675
675	669
669	656
656	700
643	695
638	673
654	672
631	668
639	742
616	732
630	728
640	716
622	706
620	752
621	777
639	774
980	907
991	896
964	893
983	868
1029	867
1038	827
1038	849
975	945
1000	945
1016	939
973	926
986	926
1015	916
963	744
961	728
945	715
974	696
978	799
957	812
947	808
968	800
972	808
933	724
905	715
932	710
916	707
920	899
933	895
936	910
941	922
949	898
958	909
998	731
979	725
999	710
1008	695
992	689
978	742
1042	748
1046	734
902	757
921	749
905	749
896	747
900	735
913	732
930	738
932	752
927	766
408	1125
426	1122
413	1112
413	1099
499	1144
508	1164
517	1140
531	1153
510	1104
532	1111
525	1129
455	1168
468	1109
469	1142
480	1154
484	1122
485	1174
445	1121
467	1126
461	1212
477	1212
471	1196
500	1191
462	1187
428	1224
435	1202
446	1182
421	1181
416	1153
448	1148
467	1261
450	1244
469	1230
450	1229
591	1161
592	1146
602	1188
606	1146
608	1170
599	1128
579	1119
608	1109
593	1106
570	1095
590	1087
569	1069
601	1068
580	1050
555	1166
567	1157
570	1198
571	1171
574	1143
529	1008
554	1007
578	996
516	993
535	990
559	983
410	1009
432	1005
442	988
425	985
399	982
480	1030
461	1020
487	1010
456	999
473	997
499	994
509	1079
526	1083
532	1066
549	1094
552	1074
551	1121
557	1141
547	1151
443	1082
442	1064
441	1049
457	1040
439	1033
448	914
448	927
462	921
465	906
471	888
481	928
484	910
492	887
511	907
516	891
503	931
531	923
554	928
389	925
400	945
409	930
425	924
426	937
540	968
574	967
524	951
556	950
459	969
460	945
481	975
488	956
507	971
371	969
389	966
365	947
383	945
356	939
344	958
357	1025
371	1009
346	1006
379	986
364	985
344	978
388	1040
391	1000
392	1016
420	1052
412	958
433	966
439	954
301	987
305	1034
310	999
320	1019
368	1101
392	1095
425	1081
363	1080
408	1070
379	1065
326	1087
346	1075
337	1068
341	1051
351	1063
360	1048
370	1146
362	1138
385	1135
367	1121
393	1120
324	1151
344	1146
322	1134
340	1116
316	1102
343	1096
393	1179
374	1177
355	1161
391	1157
151	1214
153	1201
164	1178
170	1226
178	1197
190	1221
386	1229
404	1216
381	1208
362	1198
208	1199
218	1174
201	1158
220	1156
221	1140
206	1131
227	1195
218	1219
222	1244
434	1271
416	1262
401	1258
190	1248
408	1239
426	1245
442	1310
400	1305
460	1303
425	1302
450	1283
412	1280
426	1362
444	1350
401	1348
422	1343
390	1328
406	1325
451	1318
324	102
318	75
344	70
353	53
372	109
388	101
387	84
368	81
387	61
375	174
395	167
395	156
368	154
381	139
333	182
349	171
326	157
341	149
354	134
333	121
377	424
389	405
397	432
397	418
402	393
376	480
411	473
395	466
403	451
382	448
390	517
370	504
408	500
422	498
387	493
373	520
411	517
343	451
357	431
341	411
357	408
340	393
352	393
361	465
354	483
351	495
319	400
314	387
336	375
311	372
302	407
319	418
337	436
322	435
329	461
302	149
284	139
301	125
279	109
384	240
388	194
398	222
404	182
406	209
409	234
423	249
410	259
343	260
343	240
361	239
351	221
366	218
358	193
314	290
339	286
328	269
311	250
326	235
339	200
389	308
358	302
380	292
358	285
378	278
362	270
292	313
286	294
294	280
281	270
294	253
375	385
390	379
372	368
391	362
388	338
375	327
354	362
349	349
368	349
349	333
326	349
321	330
306	328
333	323
307	312
335	307
281	356
307	351
269	349
287	334
274	334
267	323
293	390
234	383
287	375
296	362
278	431
260	424
237	422
278	417
268	411
256	401
225	406
201	379
207	393
217	369
220	381
88	405
83	390
138	390
119	379
170	410
177	388
185	376
190	368
191	404
95	448
111	442
135	431
90	428
113	424
195	438
205	420
207	449
213	430
224	440
153	461
184	461
167	454
150	440
172	436
157	423
108	541
123	531
138	527
138	541
227	480
233	450
251	463
255	480
210	470
197	468
191	483
269	491
273	452
277	474
285	448
288	482
294	463
129	510
129	494
134	474
122	473
129	454
207	519
187	514
219	510
202	501
220	495
23	496
36	493
36	510
3	506
8	534
24	548
42	570
43	528
44	550
66	555
20	562
37	587
57	589
177	563
169	539
171	517
177	492
161	491
171	471
112	893
92	888
143	876
97	874
139	903
161	898
188	897
169	877
183	871
107	954
97	938
124	931
125	916
106	910
192	973
159	954
184	944
154	926
182	920
154	978
127	970
177	1003
196	1003
95	1011
131	998
89	993
90	973
213	939
203	911
229	902
208	879
229	872
223	865
217	969
211	1005
228	1014
215	1062
155	1062
186	1049
169	1048
238	1048
197	1030
88	1041
98	1061
116	1027
124	1055
139	1022
142	1043
140	1066
134	1087
162	1083
215	1117
210	1102
218	1084
192	1072
185	1171
164	1157
170	1137
186	1122
158	1110
182	1096
128	1140
134	1109
141	1133
143	1160
140	1180
216	855
201	837
226	836
211	813
144	855
166	852
188	849
134	836
150	835
177	828
108	855
86	852
109	837
118	823
90	820
68	848
67	828
74	806
55	803
78	869
49	726
37	724
28	709
50	708
21	690
107	768
97	751
115	739
79	733
147	758
176	772
29	795
42	782
75	773
30	761
51	757
76	753
123	801
102	795
86	794
132	784
159	806
201	790
150	777
146	804
126	578
111	575
139	569
151	558
114	557
135	552
100	554
159	605
169	586
172	610
184	588
55	623
96	607
96	594
123	594
139	593
141	618
64	637
193	595
190	578
200	559
186	550
194	536
186	618
187	639
32	667
19	666
89	665
99	665
91	654
8	649
146	669
152	638
170	642
176	662
