1719	335
1681	321
1713	305
1684	285
1726	280
1783	358
1806	357
1687	356
1726	349
1783	343
1764	437
1798	432
1798	414
1777	413
1809	381
1763	489
1786	488
1741	465
1802	460
1833	678
1797	654
1804	644
1844	638
1819	635
1863	689
1878	667
1879	725
1891	701
1852	716
1860	779
1878	759
1872	620
1841	609
1868	597
1846	583
1850	502
1822	490
1848	478
1832	455
1831	432
1818	426
1847	557
1797	552
1821	540
1797	526
1852	521
1681	495
1689	516
1698	466
1703	498
1708	525
1715	451
1718	548
1723	569
1785	575
1752	568
1774	542
1746	536
1762	515
1740	509
1755	593
1809	787
1789	758
1801	734
1820	724
1817	696
1838	804
1901	615
1904	580
1908	652
1921	604
1604	403
1665	401
1636	400
1622	371
1658	371
1646	345
1631	320
1652	310
1618	292
1641	286
1597	455
1660	454
1667	442
1598	426
1620	423
1657	468
1541	398
1547	459
1561	436
1571	464
1578	414
1578	437
1532	382
1596	379
1556	368
1527	358
1545	339
1504	450
1509	417
1514	466
1523	400
1524	491
1532	502
1506	497
1514	519
1539	514
1519	817
1545	817
1527	792
1496	785
1558	787
1590	782
1570	762
1613	759
1585	736
1634	730
1605	724
1560	714
1603	700
1575	692
1531	768
1505	751
1545	741
1525	712
1533	690
1554	881
1603	864
1571	864
1615	835
1601	814
1567	813
1589	892
1599	903
1586	807
1470	584
1476	745
1490	699
1495	726
1475	783
1489	818
1522	896
1521	871
1545	848
1501	846
1523	841
1570	833
1550	912
1349	483
1319	479
1381	476
1363	462
1395	524
1415	511
1426	451
1394	451
1425	439
1368	534
1329	521
1346	515
1370	506
1315	503
1366	588
1341	583
1349	578
1393	568
1369	567
1344	551
1412	612
1418	579
1427	549
1439	564
1449	549
1450	591
1370	643
1384	625
1337	608
1361	603
1259	909
1254	871
1241	850
1261	837
1310	885
1273	884
1338	879
1286	856
1330	852
1309	846
1312	954
1306	940
1335	933
1331	903
1332	953
1323	1029
1329	1008
1320	992
1336	976
1293	829
1273	827
1250	814
1298	800
1268	796
1249	774
1321	817
1340	782
1349	806
1369	808
1369	786
1372	826
1354	844
1360	709
1323	697
1370	689
1331	665
1359	665
1316	657
1369	714
1376	761
1351	756
1398	752
1357	734
1384	730
1404	724
1273	714
1286	704
1288	733
1298	683
1301	710
1261	742
1281	761
1314	757
1334	729
1288	1006
1262	992
1267	965
1248	950
1269	938
1290	919
1266	1027
1298	1030
1102	812
1079	800
1123	791
1094	782
1074	767
1108	758
1147	737
1151	803
1166	765
1181	793
1192	726
1194	751
1170	823
1100	681
1068	669
1086	665
1123	652
1105	637
1147	626
1165	652
1184	675
1201	633
1206	658
1210	678
1151	687
1205	707
1117	724
1162	715
1081	701
1125	700
1084	737
1144	862
1096	859
1118	847
1086	834
1136	822
1159	844
1219	847
1225	623
1211	599
1228	566
1206	538
1241	536
1211	513
1122	500
1144	507
1156	568
1175	528
1178	560
1186	493
1181	592
1115	607
1096	543
1101	569
1118	532
1129	553
1138	585
1038	550
1053	587
1059	531
1074	572
1079	613
1050	620
1079	641
1026	516
1058	505
1009	502
1038	490
1051	471
1082	465
953	525
962	495
962	541
964	507
983	530
943	375
954	366
902	359
927	346
876	343
947	330
986	386
871	373
931	397
900	396
943	390
929	380
942	475
927	457
893	444
946	433
904	420
926	415
960	396
969	428
973	456
1001	418
960	415
955	461
955	481
953	404
1007	479
999	607
1007	575
1028	567
1031	602
953	562
959	589
966	561
976	605
985	561
986	578
982	679
968	639
1029	637
984	628
1007	626
969	625
883	636
903	673
913	617
942	657
948	619
876	669
947	697
939	806
939	787
923	770
957	757
950	722
977	718
855	857
904	848
868	837
941	836
873	871
911	886
893	909
933	860
929	881
860	514
874	484
885	510
899	481
920	493
935	509
853	562
868	544
891	570
928	599
931	555
884	599
782	447
794	425
810	444
829	429
861	449
879	419
748	474
775	470
782	506
795	476
826	467
838	508
723	462
749	447
708	430
767	421
729	411
721	386
853	786
863	782
843	773
873	760
846	759
898	764
733	667
741	646
748	688
772	673
809	685
821	709
829	653
832	689
836	709
908	747
851	734
915	719
874	715
889	703
855	683
708	748
706	730
713	701
709	669
717	637
697	720
681	740
918	821
888	817
867	803
852	800
908	793
765	763
762	743
787	728
773	710
737	729
778	783
746	783
820	729
822	564
785	553
809	536
839	534
775	530
695	608
671	598
721	591
680	574
728	562
562	558
582	578
603	592
610	571
634	581
601	623
782	626
811	624
737	607
757	596
799	595
825	591
856	595
846	625
639	410
644	350
659	371
665	405
689	358
701	376
628	499
659	487
640	479
601	472
654	455
629	445
599	550
630	550
656	547
615	527
590	516
658	518
682	527
593	443
584	417
611	415
593	391
556	374
559	343
586	352
609	332
613	352
540	542
569	536
517	522
555	517
523	502
569	494
501	490
542	489
519	470
558	469
567	447
489	438
499	419
507	444
524	394
534	452
537	428
426	356
446	346
459	366
490	360
515	327
398	387
429	430
431	408
453	429
465	393
202	481
206	442
228	455
244	445
194	498
279	505
258	480
281	457
270	436
152	525
177	512
178	463
164	445
256	544
226	541
258	525
212	524
245	510
291	479
299	492
309	421
310	455
322	483
345	434
253	369
263	408
279	383
306	377
314	397
196	410
197	377
221	386
229	411
167	426
148	411
171	403
157	384
179	356
53	248
62	221
43	217
46	202
64	188
19	251
34	237
6	223
8	200
18	184
98	282
107	270
78	262
91	244
77	239
91	317
104	304
77	299
112	297
94	293
96	373
99	344
104	396
119	385
124	410
129	346
137	463
108	450
121	433
93	421
134	504
107	493
155	480
108	475
80	471
64	377
68	345
61	323
41	308
53	289
67	442
41	429
45	459
25	417
35	405
37	379
15	366
32	351
17	333
30	503
12	483
2	460
21	459
23	439
6	435
458	646
431	643
406	621
429	619
595	644
568	636
540	622
581	604
554	592
549	564
587	657
572	661
465	687
506	687
531	686
480	672
565	680
656	686
613	672
645	700
641	664
672	654
636	639
671	630
405	683
416	695
436	668
446	703
446	680
458	667
432	957
406	938
447	928
423	919
447	895
423	883
505	927
476	912
508	898
488	881
507	872
387	865
431	863
420	836
430	811
505	996
485	980
508	979
514	959
483	946
489	1007
464	859
491	847
471	831
454	826
493	826
476	807
431	798
451	787
418	778
452	764
423	747
458	1012
436	990
413	975
461	973
427	1019
475	1030
483	706
517	719
537	725
555	720
583	730
588	748
597	703
611	729
622	706
632	727
668	796
684	787
658	781
708	776
672	758
663	751
666	845
698	828
716	847
503	796
476	775
489	762
474	757
513	752
491	736
751	817
663	816
687	807
729	804
728	828
375	596
321	591
373	584
341	574
368	570
319	566
232	619
198	613
224	591
244	568
212	564
259	586
265	617
274	565
278	594
296	621
313	633
189	644
170	606
191	581
161	574
155	550
185	549
336	743
339	766
373	788
388	753
395	796
370	732
396	728
431	720
331	717
408	709
459	732
326	610
338	638
358	649
399	656
279	698
250	676
293	663
281	652
252	650
319	672
341	668
377	687
339	699
245	720
248	764
278	732
278	755
288	766
208	684
208	664
213	712
214	645
223	681
229	748
211	752
216	773
101	744
36	742
117	725
66	722
37	714
94	707
10	616
7	589
12	565
5	540
14	520
5	512
110	689
71	678
106	664
84	662
64	653
97	646
136	645
124	621
144	612
106	599
130	592
40	563
66	557
79	543
54	537
91	523
110	578
110	559
138	558
121	526
38	656
41	632
83	617
48	598
67	581
31	685
3	726
5	701
20	662
11	644
19	724
83	782
71	775
96	766
63	759
27	781
33	800
90	808
247	819
271	788
288	812
297	778
318	822
332	804
188	827
212	820
230	807
191	798
221	790
253	875
302	875
255	860
301	852
271	846
139	841
157	833
160	810
168	824
170	853
170	803
188	861
160	880
211	880
224	870
233	856
207	850
235	839
196	893
184	875
235	892
359	966
364	1002
366	957
369	945
375	979
365	1043
343	924
361	915
376	910
342	899
395	890
332	883
359	878
331	868
356	852
326	845
347	835
379	829
284	955
306	967
328	954
346	984
349	947
285	996
319	1001
338	1019
316	1166
283	1165
327	1130
332	1103
298	1099
356	1119
359	1154
359	1090
368	1129
319	1075
346	1073
340	1053
314	1039
262	910
286	896
286	921
313	914
245	960
231	941
204	935
251	930
221	921
289	1018
251	1011
232	1008
236	985
259	983
305	1219
274	1211
293	1198
319	1187
269	1184
343	1207
343	1180
221	1035
241	1048
253	1080
262	1035
265	1064
285	1063
271	1102
266	1135
294	1134
