1765	910
1781	908
1778	892
1791	892
1760	884
1771	946
1783	935
1798	932
1762	927
1793	918
1757	816
1746	812
1734	801
1752	799
1739	792
1765	842
1731	841
1750	840
1767	829
1751	827
1783	876
1768	874
1740	873
1756	865
1772	854
1742	854
1777	867
1737	911
1741	896
1748	924
1752	909
1657	678
1662	657
1675	671
1678	648
1691	663
1696	646
1714	715
1711	700
1716	686
1709	667
1662	693
1682	688
1682	720
1682	708
1698	701
1699	683
1729	753
1708	752
1744	748
1739	735
1715	733
1733	722
1668	749
1683	755
1683	736
1699	742
1700	724
1728	782
1752	781
1720	777
1738	776
1716	765
1737	763
1753	766
1617	710
1644	720
1656	710
1662	723
1597	709
1634	737
1624	733
1613	727
1635	723
1596	755
1581	745
1596	736
1579	727
1649	787
1658	777
1648	757
1653	739
1696	804
1698	788
1706	780
1689	769
1674	769
1680	780
1711	796
1680	788
1721	809
1634	794
1629	767
1612	763
1636	754
1627	748
1612	745
1636	812
1583	895
1602	895
1573	890
1586	883
1601	881
1650	808
1655	822
1667	811
1667	795
1672	829
1682	841
1688	824
1698	838
1707	853
1707	819
1714	834
1717	863
1719	847
1729	824
1728	859
1717	884
1726	886
1548	948
1588	921
1606	913
1588	909
1573	908
1586	950
1587	934
1603	924
1526	946
1526	930
1530	940
1537	956
1539	947
1541	934
1552	985
1464	984
1524	979
1524	966
1543	965
1544	978
1461	933
1485	936
1491	941
1503	932
1518	939
1470	946
1513	928
1501	923
1417	980
1422	992
1431	971
1434	982
1447	991
1463	997
1448	979
1521	1053
1527	1062
1533	1075
1562	1057
1478	1004
1489	1002
1497	999
1486	988
1533	1006
1542	994
1547	1004
1528	992
1372	1008
1372	997
1413	1005
1430	1015
1434	1004
1469	1017
1475	1031
1483	1021
1486	1036
1495	1016
1507	1017
1513	1030
1520	1039
1541	1026
1544	1017
1445	1027
1449	1039
1449	1002
1452	1013
1461	1034
1463	1010
1469	1081
1475	1052
1475	1064
1488	1059
1488	1077
1493	1049
1360	1037
1348	1028
1388	1028
1377	1027
1361	1023
1351	1015
1367	1071
1357	1071
1337	1067
1371	1060
1359	1050
1406	1084
1393	1065
1409	1059
1383	1054
1396	1053
1401	1046
1379	1076
1390	1084
1374	1126
1381	1111
1367	1107
1367	1089
1377	1089
1362	1126
1335	1152
1335	1137
1337	1164
1342	1128
1353	1166
1358	1136
1349	1150
1371	1151
1372	1168
1383	1156
1390	1167
1346	1184
1356	1181
1357	1205
1364	1190
1370	1205
1378	1227
1379	1184
1385	1189
1389	1217
1399	1205
1359	921
1365	933
1375	925
1376	947
1405	948
1352	916
1373	915
1364	908
1387	902
1348	902
1366	896
1351	956
1336	955
1341	955
1340	943
1334	969
1346	969
1348	989
1357	967
1365	989
1300	990
1312	1002
1322	988
1326	1003
1331	984
1262	1017
1284	1015
1298	1014
1268	1005
1294	1004
1280	998
1271	1033
1288	1036
1289	1025
1303	1038
1305	1050
1311	1027
1332	1055
1333	1043
1346	1042
1322	1035
1338	1032
1329	1021
1317	1085
1306	1082
1314	1072
1347	1063
1316	1057
1324	1071
1331	1112
1338	1099
1351	1099
1314	1097
1328	1093
1236	835
1226	828
1238	823
1246	823
1240	808
1234	941
1218	936
1222	927
1211	924
1243	924
1229	917
1234	891
1246	889
1219	888
1231	878
1243	876
1201	881
1209	872
1198	896
1210	909
1223	903
1237	910
1246	906
1227	865
1243	859
1221	856
1236	849
1224	842
1197	862
1189	798
1195	821
1201	812
1202	800
1208	811
1216	802
1215	825
1202	826
1171	799
1174	785
1174	836
1178	813
1178	857
1185	841
1173	849
1187	811
1176	775
1160	854
1147	844
1151	834
1162	832
1197	849
1195	832
1209	841
1160	774
1168	769
1144	760
1159	754
1144	805
1145	814
1147	790
1158	802
1161	792
1163	816
1178	883
1181	896
1190	869
1191	880
1172	865
1133	883
1135	896
1145	883
1146	896
1158	891
1168	879
1155	874
1120	878
1179	928
1187	923
1163	917
1177	916
1190	908
1170	904
1138	934
1143	922
1152	906
1154	933
1136	911
1118	868
1131	862
1107	859
1122	854
1145	862
1142	828
1121	823
1108	821
1132	817
1122	812
1165	966
1152	965
1180	963
1170	955
1151	947
1180	945
1104	787
1114	763
1121	749
1124	777
1133	744
1136	772
1098	847
1112	843
1127	842
1096	834
1129	832
1111	831
1084	844
1091	861
1099	871
1106	880
1060	774
1060	786
1067	768
1074	779
1076	793
1089	790
1083	805
1064	798
1048	852
1049	862
1055	879
1061	857
1065	868
1067	845
1045	840
1058	835
1050	811
1073	808
1045	795
1049	825
1063	824
1020	895
1028	888
1040	883
1028	873
1032	860
1036	843
1025	836
1035	825
1030	805
1017	803
1026	790
1037	815
1020	784
1039	786
1006	593
979	588
994	582
1012	578
983	576
998	569
965	591
997	620
1016	618
989	609
1022	606
972	606
962	606
937	603
951	615
973	624
1022	656
986	651
1015	641
998	633
1018	631
967	634
983	629
989	641
1012	720
976	689
989	687
995	658
1007	660
969	855
982	844
1009	835
1012	870
1014	847
1017	859
1017	820
997	829
1014	885
943	829
970	829
954	821
972	813
937	855
944	844
946	878
959	868
960	851
962	838
931	876
904	868
920	866
915	844
904	836
929	835
917	829
901	824
903	815
915	808
918	798
932	799
925	817
936	821
945	811
727	821
710	820
730	811
706	803
719	800
645	824
630	814
657	813
645	810
674	810
684	802
658	825
739	842
753	841
767	836
739	828
753	822
751	804
736	854
713	852
699	839
725	838
711	838
677	866
696	858
682	844
675	836
662	767
689	766
694	753
677	751
734	755
746	764
757	772
756	783
746	785
727	790
717	783
703	775
720	773
659	798
669	776
674	791
689	784
624	802
627	789
637	798
638	779
645	790
652	779
592	825
597	810
605	825
612	797
613	813
601	865
585	859
606	857
624	853
575	844
585	842
602	839
631	839
617	834
646	836
260	853
269	845
253	841
268	832
281	823
253	816
245	786
264	810
245	809
248	798
268	797
259	787
247	773
1083	981
1074	973
1079	961
1068	956
1086	947
1075	942
1081	929
1068	919
1070	880
1084	873
1075	861
1047	964
1052	980
1059	960
1061	975
1047	912
1054	920
1056	893
1060	932
1051	889
1038	900
1035	908
1065	894
1060	906
1037	978
1028	966
1023	956
1035	952
1014	927
1014	943
1023	944
1027	930
1040	937
1042	927
1010	998
1020	988
1024	1001
1034	988
1073	993
1056	995
1006	1016
1012	1024
1020	1014
1036	1021
1043	1033
1046	1013
1034	1010
1001	1104
1028	1100
1017	1100
1010	1035
1027	1035
992	994
993	1024
997	1006
998	1032
1004	957
1010	962
923	1100
923	1068
925	1084
934	1092
934	1069
928	1053
926	1029
927	1014
926	1005
886	1052
886	1039
885	1022
887	1007
906	1004
903	1049
910	1034
914	1019
897	1020
883	1081
883	1069
893	1084
896	1070
906	1097
906	1084
846	1005
849	986
856	1025
859	998
863	1009
874	994
855	1083
841	1068
847	1053
836	1051
863	1068
872	1089
857	1097
869	1042
870	1057
826	997
831	1009
832	1036
840	1016
749	923
756	915
764	926
781	928
811	926
747	896
741	888
743	875
762	873
756	859
768	851
721	891
711	879
724	869
711	868
707	927
708	897
709	914
724	918
732	901
734	924
688	891
698	883
687	877
696	871
988	899
992	888
980	882
1001	876
1000	860
983	858
999	938
984	927
993	918
1008	909
1005	928
1025	911
924	898
934	887
949	894
957	898
971	893
906	899
892	895
918	886
898	882
851	895
860	889
867	880
881	902
884	883
886	873
929	911
943	925
953	914
966	922
941	907
972	907
972	946
836	907
837	928
844	918
861	907
864	922
868	938
877	928
888	932
891	917
901	930
913	926
919	942
879	918
971	958
977	967
987	951
997	956
1000	982
997	968
879	975
888	985
893	974
917	970
928	976
917	983
811	943
813	961
825	939
852	939
854	958
863	951
827	960
878	961
891	947
906	945
925	953
933	962
940	941
948	954
782	979
777	969
791	962
779	951
789	944
794	984
803	974
815	981
835	974
861	979
816	1027
804	1014
819	1007
804	997
809	1057
796	1056
809	1044
797	1040
765	1060
779	1052
763	1040
781	1038
786	1024
770	1022
766	1009
786	1001
771	991
761	980
728	1024
731	1040
732	1055
749	1050
752	1023
733	945
756	937
737	934
743	907
752	969
734	965
761	961
741	956
748	950
766	947
738	1071
750	1070
741	1012
758	996
746	981
690	917
670	916
680	916
672	908
697	902
677	897
662	925
665	941
665	902
675	951
679	931
687	950
693	929
694	941
698	954
719	979
708	966
709	940
723	940
719	1094
721	1077
726	993
720	958
706	993
691	980
700	977
688	966
669	967
664	978
669	994
656	1008
644	1018
627	953
630	934
632	923
637	915
639	902
624	1057
621	1077
760	1125
744	1118
757	1110
752	1099
734	1088
748	1085
790	1100
781	1093
788	1083
770	1074
788	1072
781	1066
717	1143
718	1129
725	1170
727	1151
727	1119
735	1135
738	1103
727	1101
719	1108
757	1173
741	1169
768	1165
742	1150
769	1141
753	1140
775	1177
759	1154
775	1154
771	1129
771	1117
771	1101
755	1208
741	1198
769	1194
757	1191
736	1185
199	1137
210	1132
208	1116
206	1098
233	1095
253	1092
264	1089
240	1083
252	1129
249	1117
259	1116
243	1108
258	1103
221	1107
225	1088
226	1132
228	1117
220	1179
229	1202
237	1185
234	1158
246	1156
233	1144
249	1142
241	1173
198	1195
208	1187
201	1174
212	1167
202	1159
214	1151
294	866
253	866
300	884
277	883
289	882
253	882
239	873
274	869
267	894
203	949
207	929
194	953
285	894
243	887
260	1071
237	1066
254	1064
237	1052
248	1048
211	1080
202	1068
218	1066
209	1055
203	1038
212	831
222	842
227	827
235	841
245	853
245	828
232	814
211	810
231	803
219	797
236	795
221	781
235	777
208	771
226	757
209	760
236	768
222	767
206	789
90	780
189	786
121	775
158	774
104	770
142	769
121	761
103	728
103	758
84	756
126	737
81	860
201	822
196	800
101	862
113	859
108	790
181	1008
195	1007
171	996
192	995
182	982
167	1044
168	1024
174	1057
179	1032
181	1046
191	1024
160	963
175	951
160	937
173	919
185	917
111	908
116	891
130	882
106	879
120	871
81	958
105	928
107	959
111	946
99	898
78	896
71	886
71	877
91	885
84	873
83	1074
74	1072
101	1066
86	1058
72	1042
87	1042
41	1013
67	1007
35	1002
21	1000
70	993
45	996
53	1009
57	1024
41	1024
122	1015
108	997
113	984
134	967
77	1023
77	1010
82	997
83	984
91	1007
97	1022
126	1048
108	1035
136	1035
125	1030
112	1026
109	1108
112	1093
114	1077
119	1060
106	1055
123	1086
131	1063
85	1122
80	1104
77	1091
93	1082
100	942
88	931
112	919
85	912
71	908
68	963
47	963
33	961
38	959
61	958
49	943
68	954
98	984
57	981
70	976
98	969
58	968
87	966
38	986
14	977
32	976
26	969
40	969
4	985
16	989
