1973	584
1993	578
1974	573
1990	560
1969	556
2017	585
2045	582
2034	579
2040	561
2017	553
1929	585
1952	577
1944	565
1927	558
1956	551
1938	542
1943	615
1963	610
1935	608
1940	596
1965	596
1936	715
1941	735
1958	743
1961	712
1968	751
1968	732
1950	761
1931	765
1984	666
1987	648
1977	636
1988	617
1980	597
2025	600
2029	634
2031	619
2041	602
2043	632
1963	647
1925	647
1937	637
1917	636
1957	630
1931	622
1995	631
2003	590
2007	605
2008	652
2011	619
1954	692
1932	687
1952	672
1927	669
1942	659
1978	719
1988	700
1973	700
1970	687
1990	686
1909	736
1911	752
1915	725
1915	703
1914	768
2009	529
2043	525
2021	520
2011	500
1955	530
1965	521
1952	516
1936	508
1573	518
1585	533
1601	521
1605	502
1605	483
1610	520
1995	540
1975	530
1992	521
1980	508
1975	490
1992	486
1594	461
1603	452
1619	462
1619	482
1618	427
1598	425
1635	403
1619	393
1603	385
1619	382
1629	382
1599	410
1600	366
1623	359
1613	347
1613	331
1605	321
1542	352
1545	323
1553	310
1559	348
1584	343
1585	315
1556	370
1557	391
1543	402
1565	436
1541	426
1554	417
1568	415
1519	472
1521	460
1525	448
1545	450
1558	467
1565	451
1519	338
1521	360
1523	318
1528	344
1515	378
1532	366
1533	389
1520	407
1539	544
1546	530
1551	490
1557	508
1564	480
1572	499
1558	567
1537	563
1572	563
1517	560
1566	546
1523	545
1536	604
1494	593
1511	591
1541	583
1527	578
1559	585
1578	579
1516	641
1531	636
1495	633
1533	625
1494	618
1511	612
1511	519
1493	511
1516	508
1520	495
1496	493
1499	477
1528	529
1488	578
1504	573
1491	562
1495	532
1507	546
1474	575
1471	561
1476	531
1474	507
1477	489
1474	587
1448	485
1469	471
1461	461
1449	461
1472	458
1429	545
1406	532
1434	524
1439	509
1455	505
1429	498
1460	520
1460	548
1398	479
1407	456
1428	472
1438	445
1411	434
1389	440
1387	544
1359	533
1379	530
1357	513
1397	509
1374	507
1345	495
1369	482
1383	460
1364	458
1361	442
1365	587
1350	574
1369	574
1368	553
1345	547
1427	601
1404	595
1419	577
1442	568
1411	562
1423	655
1418	645
1424	625
1443	610
1373	613
1378	597
1390	573
1394	611
1397	651
1400	630
1402	665
1392	676
1370	665
1360	664
1356	646
1369	641
1351	630
1331	676
1338	690
1350	691
1493	451
1493	409
1504	403
1510	445
1512	426
1440	421
1457	402
1458	439
1472	415
1476	440
1375	424
1381	396
1396	382
1401	405
1374	366
1422	372
1436	385
1306	401
1318	426
1324	392
1345	433
1349	381
1354	406
1337	369
1296	678
1302	661
1307	673
1318	686
1321	673
1301	545
1305	563
1309	521
1321	533
1321	550
1168	707
1171	669
1175	694
1192	687
1195	702
1231	697
1213	689
1276	573
1282	562
1273	548
1290	510
1277	504
1248	683
1252	638
1257	658
1273	673
1283	651
1224	505
1225	495
1234	490
1245	497
1254	487
1181	540
1184	522
1192	504
1208	500
970	601
974	590
979	615
987	608
988	592
965	565
996	555
983	544
969	531
996	531
1036	547
1026	538
1037	527
1012	522
1022	522
1032	559
1011	560
1006	568
1016	579
938	641
940	580
945	618
951	598
959	632
955	656
946	672
959	691
1046	633
993	629
1032	624
1011	620
1003	606
1001	661
1011	654
998	646
1026	641
1008	638
1047	651
1024	666
1024	677
1058	481
1069	487
1078	468
1105	458
1087	474
1071	500
1088	507
1002	510
1015	503
1031	517
1039	503
1045	517
998	493
1031	493
1018	484
1014	470
995	463
963	484
988	482
980	471
965	470
953	463
975	455
907	485
932	476
979	520
968	508
980	504
976	491
935	500
906	508
910	528
938	535
945	443
952	421
962	445
967	425
990	422
994	442
958	395
1000	392
993	375
974	374
968	353
942	411
925	409
985	408
967	405
884	412
894	400
1007	366
1010	341
1017	391
1023	364
1031	346
1032	386
1018	408
1006	414
874	426
892	420
900	440
914	423
872	454
926	452
822	302
826	321
836	307
838	327
841	282
851	300
935	331
871	321
946	317
876	308
952	329
974	314
993	333
996	318
1014	321
1029	324
1067	334
916	346
937	361
945	348
955	363
955	347
904	810
908	790
916	804
931	827
935	794
953	815
867	777
884	768
857	765
876	755
856	751
932	713
949	703
916	702
922	691
941	690
942	721
952	726
876	738
888	733
878	718
884	698
816	793
848	780
826	779
838	764
811	763
877	815
878	832
881	792
885	860
891	809
839	845
822	832
838	826
862	807
840	802
857	831
860	853
887	646
871	633
896	631
921	603
914	645
927	623
900	619
875	678
853	675
869	661
853	660
776	681
786	678
769	656
789	656
777	626
788	606
904	683
929	675
895	671
915	666
925	661
804	701
796	635
818	631
802	618
821	697
835	678
844	696
746	402
748	379
755	350
756	363
818	443
774	442
831	436
807	431
784	427
842	500
852	484
835	482
844	468
853	456
835	453
793	511
813	501
798	493
790	481
804	480
814	462
858	541
846	531
832	531
847	516
832	514
858	498
872	478
888	478
889	519
885	498
869	520
881	533
866	563
758	565
743	555
758	545
738	538
755	528
735	520
816	583
819	565
812	554
821	540
802	533
817	524
741	600
759	596
746	582
768	577
844	623
830	616
858	601
830	600
848	563
831	558
619	533
633	526
607	518
624	511
675	530
656	528
692	527
648	515
680	514
707	533
716	514
720	539
650	564
626	547
662	547
640	544
598	571
628	568
613	562
608	550
673	567
681	542
682	556
705	555
724	571
715	581
727	593
625	611
599	609
611	600
598	590
592	583
612	581
658	599
659	616
661	580
668	589
668	570
628	629
631	589
645	600
647	616
648	584
640	644
650	660
483	680
504	662
525	660
610	654
613	638
600	629
523	797
525	781
512	764
544	682
720	463
700	459
712	446
697	435
713	429
699	416
700	504
715	485
686	483
701	477
731	480
673	500
646	499
634	498
636	485
644	477
666	475
605	438
622	433
633	418
640	443
663	436
681	426
599	498
612	495
620	480
605	479
631	459
601	458
618	450
592	447
657	456
682	447
677	388
685	367
688	401
700	393
705	390
729	382
621	409
648	403
633	396
621	388
637	388
647	375
622	370
635	369
626	354
488	331
491	321
488	308
486	286
505	273
481	269
498	247
481	243
468	276
449	268
463	256
460	238
428	221
449	216
431	173
431	163
542	199
529	221
539	175
417	236
432	256
437	235
447	253
385	191
386	183
405	189
406	201
412	173
421	188
393	244
104	249
109	267
110	291
124	281
127	252
142	258
8	280
8	260
20	255
30	268
45	284
56	264
41	341
27	333
16	324
44	322
18	307
37	305
57	323
63	303
76	310
100	312
99	332
127	325
124	343
76	337
32	395
55	388
14	384
30	383
36	377
39	367
70	275
78	288
84	267
86	248
87	236
85	361
86	395
80	409
72	424
12	434
28	424
9	419
15	406
16	455
12	474
28	467
32	488
2	467
56	428
62	415
48	407
67	402
58	440
54	452
44	473
174	476
190	499
