1933	714
1935	741
1944	729
1950	696
1956	744
1935	660
1944	674
1939	689
1924	775
1942	772
1962	766
1937	758
1975	758
1914	664
1904	652
1920	647
1932	646
1907	638
1921	633
1930	616
1914	599
1909	590
1897	589
1883	715
1888	752
1889	736
1901	716
1910	737
1917	720
1912	700
1895	699
1880	696
1909	683
1897	682
1882	667
1865	689
1865	660
1866	710
1867	724
1869	738
1863	602
1861	584
1826	684
1833	671
1858	670
1827	664
1838	658
1838	631
1851	614
1844	632
1822	584
1844	595
1845	572
1880	571
1882	587
1881	554
1861	557
1845	554
1778	592
1794	598
1795	579
1801	560
1810	591
1812	567
1944	823
1924	814
1954	807
1916	789
1937	786
1911	780
1913	837
1858	837
1873	835
1926	831
1966	828
1823	845
1828	830
1830	817
1841	843
1848	820
1849	874
1813	863
1837	861
1866	857
1946	879
1925	870
1908	852
1962	862
1961	849
1841	923
1861	923
1865	904
1840	903
1822	895
1847	887
1825	951
1805	947
1825	935
1805	931
1846	941
1847	953
1792	916
1809	909
1789	898
1811	882
1784	821
1788	838
1806	816
1810	832
1775	878
1792	878
1794	855
1776	850
1646	886
1627	883
1652	869
1614	866
1637	866
1632	929
1614	928
1648	915
1621	907
1638	898
1816	646
1800	638
1776	635
1813	632
1786	615
1804	615
1819	614
1792	673
1778	671
1803	662
1786	653
1730	703
1744	662
1754	630
1759	651
1763	621
1759	606
1758	677
1631	703
1631	723
1635	682
1636	665
1618	673
1609	668
1652	654
1664	664
1646	696
1649	715
1663	727
1666	705
1681	726
1714	728
1579	728
1595	725
1576	713
1582	695
1592	685
1613	689
1614	707
1598	709
1612	735
1681	757
1695	749
1662	748
1650	745
1671	739
1623	1020
1628	1009
1616	1000
1626	998
1613	990
1630	984
1609	975
1617	953
1627	965
1633	949
1605	1054
1628	1051
1625	1034
1610	1031
1582	1034
1581	1022
1575	1012
1591	1006
1573	996
1590	1049
1591	986
1576	980
1578	967
1594	955
1572	948
1596	745
1601	770
1608	753
1620	767
1624	756
1629	743
1561	743
1563	766
1564	790
1581	766
1616	802
1626	790
1638	779
1609	775
1654	772
1591	821
1593	833
1603	819
1609	837
1654	850
1627	847
1629	831
1660	822
1565	888
1568	927
1569	909
1577	881
1584	893
1605	914
1592	912
1600	933
1602	896
1548	841
1565	836
1538	827
1563	819
1570	807
1545	801
1560	867
1578	860
1535	860
1561	852
1583	843
1597	853
1595	874
1539	900
1542	917
1542	877
1555	892
1513	852
1524	837
1505	824
1521	805
1505	800
1523	913
1504	910
1516	891
1499	889
1506	873
1491	923
1496	937
1514	932
1525	944
1535	929
1477	914
1479	882
1485	902
1488	862
1474	863
1490	815
1474	822
1484	799
1529	741
1532	761
1532	784
1544	773
1545	744
1495	734
1513	703
1514	725
1532	709
1554	726
1554	699
1481	753
1486	780
1489	748
1505	750
1515	775
1424	798
1427	771
1436	795
1444	765
1451	788
1466	776
1421	686
1425	718
1431	700
1445	710
1459	719
1462	684
1414	788
1404	773
1423	755
1402	747
1434	737
1409	730
1390	660
1399	684
1410	718
1410	697
1403	666
1421	860
1400	851
1436	851
1382	844
1488	839
1420	834
1395	825
1438	825
1414	810
1373	802
1360	808
1360	821
1336	759
1336	774
1384	754
1390	788
1351	716
1380	716
1390	700
1358	771
1370	663
1339	663
1380	642
1343	625
1367	594
1373	611
1391	619
1361	627
1287	617
1287	630
1289	599
1289	659
1301	605
1297	640
1308	664
1309	640
1315	634
1322	649
1327	635
1321	611
1320	590
1337	593
1310	698
1293	695
1287	679
1305	679
1270	675
1362	702
1339	694
1322	679
1356	679
1377	679
1354	752
1370	738
1323	737
1344	735
1363	722
1279	755
1302	750
1301	735
1278	729
1304	720
1290	713
1269	807
1319	797
1305	795
1281	785
1297	780
1272	775
1319	839
1341	831
1326	813
1343	794
1277	826
1289	839
1299	851
1302	831
1302	866
1266	848
1338	873
1322	868
1354	861
1329	855
1315	853
1353	847
1359	884
1369	901
1385	875
1386	899
1396	890
1421	877
1357	986
1370	964
1370	943
1377	924
1383	948
1386	932
1319	895
1321	881
1326	912
1329	899
1338	911
1343	892
1264	899
1272	915
1280	882
1284	925
1288	900
1297	889
1262	931
1325	938
1333	949
1337	961
1340	933
1352	955
1207	899
1222	899
1231	894
1239	886
1242	901
1216	879
1194	877
1201	866
1218	855
1198	853
1211	934
1189	931
1211	922
1177	919
1193	912
1236	915
1228	946
1263	946
1173	901
1178	905
1180	887
1191	893
1246	684
1249	655
1259	653
1260	680
1266	637
1274	645
1270	604
1272	620
1246	838
1237	823
1254	822
1238	809
1255	783
1244	747
1254	879
1244	871
1232	870
1239	853
1254	857
1206	780
1211	762
1214	717
1228	770
1229	733
1201	652
1220	636
1230	657
1238	640
1171	615
1174	657
1188	630
1191	617
1191	650
1194	673
1171	710
1184	706
1201	690
1181	690
1166	683
1151	751
1146	728
1123	727
1132	713
1111	710
1180	777
1163	769
1177	758
1180	736
1163	731
1115	815
1133	808
1110	801
1121	779
1109	765
1126	758
1134	746
1141	768
1154	817
1171	806
1179	795
1147	790
1169	790
1207	798
1198	813
1133	868
1150	870
1168	851
1168	871
1182	850
1132	839
1163	836
1178	826
1131	825
1219	831
1109	866
1087	856
1122	853
1110	844
1096	842
1054	868
1056	843
1067	856
1072	845
1077	836
1074	898
1105	890
1060	884
1095	878
1038	876
1075	875
1142	883
1129	634
1134	619
1144	611
1146	643
1156	624
1159	653
1155	700
1125	697
1133	683
1151	680
1147	665
1110	745
1097	743
1084	733
1106	732
1093	721
1076	716
1088	698
1061	676
1096	675
1115	671
1047	677
1081	628
1092	609
1107	651
1115	630
1063	631
1052	620
1036	626
1045	658
1065	653
1016	994
1004	993
990	978
1015	978
1056	982
1037	987
1107	1027
1091	1019
1072	1011
1105	1006
1092	997
1091	974
1076	989
1079	962
998	1030
1007	1027
1006	1012
988	1003
974	1059
987	1041
996	1061
1006	1049
1017	1061
1040	1051
1047	1039
1056	1074
1061	1052
1061	1028
1040	1014
1052	1000
1071	1080
1077	1066
1096	1062
1095	1044
1083	1041
961	940
993	936
1009	924
971	919
994	918
1093	953
1072	942
1090	939
1084	927
1098	918
1085	908
992	961
1006	944
1007	959
1014	963
1016	946
1024	915
1027	966
1028	944
1052	948
1054	966
1040	921
1059	910
1059	922
1057	931
998	1114
1008	1110
993	1093
1007	1075
944	1119
924	1107
938	1097
920	1089
932	1072
989	1174
1011	1170
1001	1153
1015	1143
983	1132
1004	1132
977	1154
955	1205
972	1200
953	1188
967	1175
959	1156
960	1134
981	1213
997	1206
988	1189
1002	1186
970	1029
944	1016
967	1009
953	1003
906	1036
887	1033
912	1019
885	1018
895	1014
926	1008
938	1055
915	1054
928	1043
945	1035
933	1029
920	1071
905	1071
898	1054
956	1090
956	1075
958	1106
974	1078
974	1107
959	1053
954	1024
650	551
657	541
657	568
662	524
678	553
679	516
694	526
703	543
704	514
736	598
765	591
753	586
764	568
735	553
725	542
749	559
732	513
731	525
698	605
680	598
693	587
710	584
679	570
699	568
631	618
667	616
650	614
638	593
665	592
745	623
762	621
779	620
751	612
626	553
632	569
636	536
637	555
574	580
600	590
605	566
612	583
610	645
594	643
622	642
611	622
591	616
617	603
597	681
620	678
578	662
596	661
623	656
634	669
738	661
764	658
724	647
741	643
757	641
728	631
699	656
681	637
707	627
688	623
713	654
704	669
685	681
666	681
649	666
677	662
671	649
652	648
655	628
756	687
776	681
756	672
773	669
735	684
723	673
652	714
666	707
682	704
661	696
700	708
603	696
614	708
623	709
631	709
754	735
748	722
759	705
749	705
764	696
775	714
768	725
782	729
676	739
666	725
685	723
699	720
700	733
719	718
645	742
651	729
639	723
640	701
647	690
635	689
714	748
732	738
733	705
716	695
703	691
519	592
529	617
549	613
560	600
533	705
516	698
537	692
525	685
541	681
523	672
577	688
545	665
529	661
529	645
544	629
516	627
539	759
528	750
516	744
531	739
540	732
520	724
570	725
951	926
956	911
950	898
948	887
948	873
956	869
867	954
897	949
880	949
912	944
892	930
912	914
922	926
936	988
940	974
927	968
934	964
927	950
934	934
925	885
958	991
975	989
957	978
964	965
976	956
945	954
922	991
906	987
919	978
895	969
910	964
862	986
883	1006
886	982
887	996
919	808
933	807
938	797
926	792
898	788
917	788
986	807
975	790
994	800
855	802
863	825
875	804
878	837
883	826
896	810
962	828
964	813
1001	819
1008	812
983	827
1001	837
1020	840
912	847
913	824
930	822
933	837
943	818
944	839
948	863
951	855
961	844
974	860
981	848
995	856
1017	879
1036	863
1035	853
882	901
900	899
922	904
937	903
1039	897
1020	898
1008	896
948	671
948	652
925	648
942	638
1019	649
1032	673
953	712
917	711
930	696
950	695
968	681
923	678
932	718
919	729
882	649
893	665
902	636
915	668
828	665
829	648
845	634
849	663
859	643
871	668
827	729
843	716
829	704
846	691
827	685
839	678
884	740
864	739
872	725
879	715
863	704
879	687
906	684
864	687
905	733
842	780
855	775
837	763
845	748
877	782
901	770
886	769
870	760
911	756
891	755
962	785
955	778
934	777
921	769
774	770
754	768
786	768
754	759
783	752
766	745
796	811
771	807
779	795
763	788
777	783
717	816
727	799
729	760
735	817
738	777
746	809
750	799
748	829
749	843
785	841
772	833
801	830
726	844
712	832
701	847
737	843
857	865
864	866
874	853
877	871
895	850
904	875
929	857
708	877
728	874
737	864
740	855
743	878
755	907
761	879
764	852
774	895
780	872
783	859
769	912
735	923
725	913
741	898
713	894
732	892
869	899
864	913
872	885
726	961
692	954
731	939
744	935
694	934
855	961
874	966
863	937
876	932
678	948
710	948
675	933
713	930
678	916
700	916
655	850
645	845
661	834
654	820
690	895
672	895
668	879
695	871
715	862
678	854
676	826
692	823
683	789
691	804
702	790
707	770
709	991
684	971
672	969
703	968
719	976
686	770
666	765
651	765
697	754
683	753
658	745
663	813
672	804
652	799
649	786
662	785
663	906
646	878
638	864
649	863
663	857
634	855
633	884
647	895
143	327
161	319
155	308
144	306
161	294
154	279
182	381
184	354
192	376
193	362
204	354
196	318
216	332
185	303
186	284
119	385
116	369
100	363
123	353
115	338
121	328
146	389
155	368
139	366
137	346
158	343
160	383
337	471
350	475
359	466
371	461
406	518
388	511
372	499
391	492
378	478
394	477
325	525
327	501
345	492
348	509
370	518
351	532
392	552
411	546
372	541
416	536
393	533
330	577
344	568
327	554
336	544
349	581
352	554
361	572
374	565
391	581
371	586
425	577
405	568
422	559
353	614
333	611
360	597
323	595
341	594
370	620
383	610
373	604
382	597
395	616
395	601
411	591
412	619
438	614
439	592
428	629
150	538
161	536
170	530
156	513
171	501
156	490
143	481
125	480
145	468
129	463
118	452
106	516
104	489
104	466
104	453
106	444
58	478
66	476
80	468
82	483
83	459
84	507
72	495
77	521
79	541
104	569
87	566
90	553
107	547
96	530
160	625
155	595
155	578
160	561
174	639
168	592
168	581
125	505
128	546
128	526
143	498
140	560
128	579
143	610
140	597
133	624
280	621
310	615
298	612
275	604
303	593
286	590
319	616
300	582
313	582
290	572
313	564
293	557
280	656
298	651
278	643
302	637
332	629
327	644
322	659
311	657
279	516
282	499
295	494
301	508
308	514
268	479
276	468
295	474
302	468
311	486
324	484
225	513
233	502
236	519
238	483
243	519
224	551
239	545
233	531
221	528
189	545
198	531
202	585
204	552
211	538
213	566
213	512
118	610
97	604
116	588
99	584
83	583
242	611
243	596
237	576
238	565
248	559
222	641
219	626
205	616
196	606
214	601
193	597
100	642
100	629
118	634
128	642
124	671
143	668
132	658
150	650
137	649
176	664
186	655
220	666
359	852
396	844
386	842
374	835
388	822
392	904
377	893
361	892
394	889
367	878
380	872
404	950
430	949
366	946
417	936
382	935
372	918
407	1016
415	988
425	1008
436	987
435	962
429	1022
380	1000
381	962
388	983
390	1015
397	998
403	972
403	1034
494	759
497	740
483	735
500	726
484	710
496	706
494	689
505	688
498	674
481	660
495	647
481	672
511	657
479	632
494	625
474	619
459	612
484	604
506	606
501	586
479	583
464	585
376	685
377	672
372	667
370	656
381	650
375	637
343	652
350	667
352	632
359	646
363	679
326	717
331	705
342	690
321	681
333	673
315	670
161	732
176	716
158	704
177	700
173	683
125	714
133	700
137	686
144	706
148	721
149	687
139	738
241	742
191	741
203	731
228	726
195	721
211	717
219	746
275	718
227	796
207	781
229	779
197	754
233	760
249	765
57	757
73	748
49	745
67	738
39	785
27	779
16	777
14	765
31	760
31	739
63	803
71	792
71	777
63	770
73	765
56	835
43	827
60	821
74	812
44	809
48	846
43	868
11	832
23	829
19	815
19	799
11	848
26	864
11	870
55	635
60	619
70	657
73	599
77	617
78	639
60	733
49	730
45	718
65	715
83	715
55	706
26	701
43	694
27	689
48	686
37	673
2	696
6	664
13	687
21	657
25	631
14	711
3	720
22	726
