1639	389
1665	443
1727	431
1744	430
1752	425
1659	425
1741	409
1648	412
1713	453
1685	451
1668	459
1733	451
1753	450
1769	449
2036	443
1576	392
1592	390
1589	377
1619	387
1562	372
1578	363
1592	352
1590	417
1620	414
1569	407
1590	402
1626	401
1607	394
1556	393
1596	444
1631	434
1557	442
1586	460
1570	442
1620	453
1552	423
1504	388
1521	382
1467	379
1497	372
1545	379
1514	354
1517	335
1538	429
1474	399
1527	408
1495	426
1488	414
1507	401
1516	413
1547	453
1524	457
1484	453
1492	443
1480	435
1513	440
1466	429
2012	466
1774	462
2007	485
1727	485
1705	485
2044	482
1767	474
1749	473
2032	470
2009	509
1718	513
2024	525
1991	518
1734	508
2035	504
1753	491
1658	482
1588	480
1647	477
1607	470
1624	476
1694	465
1642	464
1654	510
1624	508
1641	496
1690	499
1669	503
1607	492
1679	484
1633	530
1656	528
1596	515
1676	522
1584	530
1617	523
1705	514
1540	483
1463	482
1504	479
1557	475
1571	462
1456	460
1570	477
1476	510
1531	506
1494	503
1550	497
1568	492
1514	498
1446	485
1483	523
1575	518
1544	525
1504	516
1461	525
1520	523
1557	511
1942	560
1932	540
1935	624
1976	612
1925	608
1965	607
1946	586
1920	575
1950	570
1941	664
1966	662
1940	645
1972	655
1960	642
1994	635
1920	632
1552	546
1579	545
1866	544
1851	544
1532	541
1564	538
1690	531
1562	574
1814	574
1554	571
1571	567
1539	560
1808	557
1566	556
1539	666
1896	662
1918	654
1538	643
1517	623
1530	600
1524	580
1463	581
1468	564
1499	571
1484	557
1497	538
1480	536
1514	541
1454	618
1476	614
1464	609
1511	596
1505	607
1492	589
1476	600
1452	650
1442	665
1473	651
1506	649
1472	633
1499	627
1452	633
1441	383
1434	365
1213	475
1190	473
1189	447
1172	459
1203	463
1439	467
1442	399
1161	508
1202	518
1436	509
1181	508
1199	493
1165	493
1227	489
1137	462
711	462
718	462
732	460
724	417
1151	451
720	438
710	512
1131	503
1145	497
711	497
1142	489
719	482
1153	476
1070	520
723	527
1138	525
1045	521
732	519
1056	518
1155	513
636	446
652	444
677	436
697	436
691	418
661	425
620	436
637	489
696	485
671	476
651	468
620	465
635	465
694	456
668	519
689	522
613	527
659	525
637	516
659	504
686	504
1207	535
1173	534
1378	567
1435	567
1400	563
1414	560
1174	557
1196	549
1423	549
1403	603
1196	597
1429	593
1199	572
1169	587
1423	572
1162	569
1094	540
1064	540
1037	534
1117	532
1078	530
1050	530
1153	527
1122	567
1044	565
1069	563
1084	558
1123	550
1143	547
1035	547
1033	590
1114	592
1061	597
1112	580
1078	578
1050	577
1132	574
722	549
682	542
709	539
744	539
661	534
644	534
1016	541
720	574
616	571
1001	571
673	569
629	555
654	559
700	552
666	591
868	599
614	590
695	580
1007	580
751	580
642	577
1368	610
1385	609
1400	632
1180	627
1165	623
1394	618
1415	618
1434	616
1145	611
1382	665
1184	664
1176	651
1393	656
1429	650
1387	643
1411	641
980	624
1135	624
1060	618
1081	609
962	616
1104	611
1072	613
982	642
1140	640
1117	635
1060	635
1074	629
988	631
970	630
1135	659
1009	666
978	665
945	659
1003	655
1069	652
998	645
883	618
940	614
686	613
848	608
665	614
636	605
890	603
856	644
847	641
670	640
923	638
875	639
623	631
654	631
670	663
915	659
656	661
831	658
794	656
640	652
933	651
549	415
589	409
511	442
574	441
594	439
490	438
576	419
604	425
535	431
535	486
468	482
513	462
588	472
574	489
554	448
534	447
377	402
404	402
392	370
435	373
396	350
453	398
417	359
443	445
413	441
407	426
379	424
455	417
433	417
433	417
398	485
375	472
392	449
380	495
398	466
416	472
403	447
326	385
364	371
306	363
307	339
355	349
329	329
371	353
322	440
286	435
299	422
355	432
344	406
355	396
315	406
300	485
316	493
332	483
316	470
345	460
302	448
364	449
514	502
487	498
560	556
588	555
587	535
573	527
557	512
539	509
593	509
453	571
451	601
438	575
554	601
463	588
580	583
542	563
339	535
373	530
399	528
417	523
355	500
350	519
398	508
414	566
434	553
387	553
329	558
410	547
361	555
435	535
386	596
326	594
377	575
336	577
339	568
355	573
360	592
230	535
291	525
300	518
246	517
263	525
322	513
266	510
316	566
266	559
212	554
298	550
322	544
248	541
274	538
231	591
249	585
204	582
279	577
217	574
236	567
300	574
517	613
579	605
578	642
604	635
513	627
495	621
575	621
539	621
601	613
547	659
608	652
572	654
591	648
555	646
505	645
533	643
384	628
369	625
467	625
347	607
426	602
403	606
475	606
375	647
473	647
438	638
423	628
453	637
383	639
487	641
491	658
436	667
418	662
460	657
404	655
422	650
354	649
305	618
207	616
266	616
282	610
266	603
214	602
307	602
6	641
206	638
341	635
266	632
322	626
232	630
283	631
283	658
236	660
146	662
318	647
298	644
264	650
250	644
1927	677
1947	697
1897	695
1871	692
1920	691
1887	679
1908	679
1951	679
1934	711
1944	735
1951	718
1928	728
1900	720
1889	729
1893	709
1552	684
1514	678
1793	678
1867	673
1491	669
1508	668
1852	669
1504	716
1536	715
1863	709
1505	699
1790	695
1859	693
1527	688
1539	737
1821	735
1802	735
1523	731
1847	731
1491	729
1787	721
1395	684
1456	682
1174	682
1483	684
1417	677
1401	671
1469	670
1397	716
1435	715
1455	711
1482	703
1423	701
1466	690
1441	690
1471	736
1458	728
1150	724
1161	725
1410	723
1476	718
1176	718
1852	740
1913	738
1912	764
1929	751
1899	750
1961	762
1948	758
1838	747
1818	759
1797	773
1813	781
1924	801
1830	768
1922	786
1935	774
1942	793
1471	758
1509	757
1531	755
1793	753
1455	746
1781	741
1492	745
1507	803
1476	795
1502	785
1484	785
1475	774
1522	769
1489	769
1475	819
1476	865
1482	838
1461	845
1490	807
1460	806
1480	805
1422	803
1426	786
1449	771
1434	742
1438	756
1425	767
1414	742
1446	894
1447	867
1428	861
1445	841
1420	841
1422	820
1438	807
1212	944
1291	919
1281	934
1302	942
1243	926
1265	919
1257	934
1286	962
1259	960
1284	1031
1274	1029
1264	992
1262	1014
1280	1010
1286	996
1260	978
1249	1112
1258	1147
1266	1109
1262	1088
1267	1052
1265	1073
1253	1038
1233	1010
1216	1007
1241	992
1224	987
1244	974
1211	966
1234	955
1209	1082
1246	1078
1215	1071
1229	1063
1235	1048
1225	1028
1206	1022
1221	1127
1209	1139
1230	1152
1243	1140
1236	1165
1229	1111
1234	1093
1168	998
1188	948
1168	955
1165	973
1144	998
1189	970
1151	958
1202	1058
1195	1038
1144	1051
1188	1047
1151	1017
1176	1014
1196	998
1206	1107
1202	1124
1187	1111
1192	1091
1192	1073
1146	1070
1179	1070
1116	686
1120	673
1126	724
1095	718
1072	710
1093	701
1118	704
1110	697
1095	690
1136	741
1082	778
1143	760
1123	757
1105	753
1087	809
1079	741
1002	732
1018	728
1045	725
993	714
1005	692
1031	709
1020	683
1017	769
1061	762
995	756
1031	762
1037	746
1017	745
1064	732
1048	774
1035	785
1064	807
996	784
1059	789
1014	789
1039	805
937	704
958	703
975	684
983	700
918	688
934	678
927	670
946	751
988	739
960	745
929	732
992	729
950	728
984	717
908	807
931	801
970	793
944	766
978	762
920	760
921	783
1077	824
1102	822
1061	908
1060	896
1054	875
1070	869
1053	854
1070	840
1091	834
1139	974
1107	976
1068	961
1090	962
1129	960
1063	982
1081	944
991	870
1015	870
1035	860
1011	818
1002	845
1029	840
1042	824
984	920
1048	919
1022	913
981	897
1002	901
1041	897
1018	886
1012	967
982	967
1027	973
989	940
1046	960
1014	934
1033	932
972	833
945	829
981	822
925	822
936	817
970	812
945	812
921	879
972	877
955	864
933	862
920	851
956	846
979	848
919	905
952	978
966	937
959	961
930	916
935	892
945	882
1128	1010
1119	996
1132	1079
1115	1067
1121	1052
1134	1043
1126	1031
1113	1016
1106	1034
1117	1172
1116	1155
1116	1137
1122	1118
1102	1110
1124	1098
1107	1082
1084	1040
1063	1010
1078	987
1083	1006
1086	1022
1091	988
1100	1003
1063	1124
1091	1062
1082	1107
1087	1089
1069	1081
1063	1106
1072	1062
1082	1184
1073	1155
1097	1188
1078	1136
1067	1175
1099	1130
1097	1161
1030	1010
1043	1006
991	994
1017	992
1048	990
1032	985
967	989
1062	1047
1024	1033
977	1031
1051	1020
1007	1029
986	1014
964	1012
1059	1167
1058	1147
1021	1058
1062	1096
997	1057
981	1049
1049	1053
846	676
900	674
895	696
821	684
662	688
902	683
798	679
609	678
633	677
905	719
836	706
875	710
648	709
677	702
623	701
804	700
452	682
496	681
541	675
480	671
599	669
575	668
514	667
482	698
603	696
573	692
550	690
403	688
592	687
424	686
534	705
423	720
581	713
434	702
549	721
458	713
501	699
267	684
358	681
289	683
377	668
306	668
255	668
335	668
113	700
307	699
353	697
327	695
377	693
133	684
144	693
277	718
128	717
107	721
377	718
142	718
362	714
396	712
614	725
668	723
620	748
903	745
653	745
581	738
637	733
599	732
878	728
889	760
582	788
594	764
595	788
891	786
870	781
864	751
503	747
472	721
460	742
439	743
413	738
392	735
493	722
553	768
446	766
483	754
528	750
555	749
410	758
388	755
573	776
373	770
465	773
504	775
400	784
536	787
428	776
18	743
371	741
315	740
36	731
54	739
341	728
295	725
331	768
39	765
16	760
64	751
291	748
42	746
344	752
348	785
298	773
67	776
27	781
46	783
9	772
315	771
887	815
865	800
859	860
596	839
903	835
879	844
604	859
864	833
852	815
879	909
895	921
898	890
876	882
596	876
876	864
903	866
527	810
408	810
593	809
516	794
458	791
574	798
547	801
414	837
451	831
528	826
576	822
545	819
461	816
508	811
563	861
539	856
557	878
435	843
575	886
588	862
551	839
344	811
52	801
70	804
309	809
35	798
323	790
376	793
310	837
329	833
382	832
326	817
111	814
43	816
369	818
382	855
368	866
355	884
343	866
325	879
326	854
353	839
