1495	733
1508	783
1537	723
1545	782
1582	776
1596	782
1566	799
1289	720
1275	713
1314	698
1305	673
1337	709
1366	706
1384	731
1240	769
1264	762
1297	759
1289	746
1249	740
1268	733
1313	776
1323	733
1341	779
1369	760
1400	750
1410	775
1433	784
1448	757
1462	738
1476	753
1478	912
1483	884
1530	896
1543	879
1560	881
1470	841
1544	857
1566	862
1586	849
1381	835
1323	835
1349	821
1327	806
1349	798
1379	796
1231	802
1259	830
1261	807
1282	829
1283	790
1295	820
1285	849
1405	858
1413	814
1414	835
1427	858
1440	848
1445	820
1391	888
1417	882
1432	900
1439	878
1457	898
1311	885
1333	868
1308	859
1353	848
1321	911
1361	901
1728	1111
1742	1071
1747	1037
1761	1113
1767	1092
1771	1042
1654	1033
1712	1021
1724	970
1693	962
1663	1066
1693	1060
1716	1071
1721	1049
1423	925
1428	952
1450	960
1472	964
1237	929
1261	947
1269	928
1290	942
1306	949
1351	934
1387	927
1470	943
1464	929
1277	974
1297	967
1312	974
1338	955
1338	981
1230	989
1192	987
1184	965
1232	959
1205	953
1353	983
1359	1008
1368	959
1383	993
1388	1027
1399	959
1424	1045
1440	1021
1413	1010
1461	999
1433	986
1458	980
1304	1033
1260	1025
1318	1017
1288	1010
1258	1002
1314	997
1175	1004
1178	1058
1182	1034
1193	1017
1193	1085
1201	1068
1207	1036
1219	1026
1221	1054
1237	1078
1237	1039
1244	1101
1268	1110
1293	1104
1267	1090
1299	1076
1263	1067
1281	1048
1368	1058
1415	1072
1265	1158
1244	1151
1253	1133
1276	1131
1230	1230
1255	1235
1285	1223
1290	1253
1262	1255
1227	1260
1247	1273
1271	1276
1047	1233
1059	1214
1077	1249
1082	1229
1084	1209
1139	1230
1152	1262
1166	1218
1180	1247
1187	1203
1204	1212
1092	1269
1114	1269
1106	1243
1109	1213
1206	1315
1144	1307
1173	1303
1205	1292
1171	1279
1199	1274
1160	1357
1201	1344
1146	1334
1178	1333
1155	1383
1201	1366
1188	1389
1158	1408
1169	1420
1121	1423
1116	1391
1121	1366
1102	1351
1121	1334
1107	1307
1182	1153
1221	1149
1193	1126
1225	1122
1184	1104
1210	1098
1066	1116
1067	1129
1073	1105
1095	1102
1097	1121
1188	1187
1222	1186
1242	1170
1202	1168
1251	1202
1266	1177
1033	1188
1052	1187
1087	1185
1043	1167
1070	1156
1045	1139
1104	1147
1116	1166
1122	1119
1145	1165
1160	1131
1163	1164
1138	1194
966	1079
994	1070
980	1064
959	1052
999	1019
960	1009
958	1139
957	1111
979	1096
992	1095
978	1122
960	1167
938	1175
925	1144
902	1175
899	1092
934	1092
913	1081
886	1064
919	1054
937	1050
876	1038
901	1037
931	1017
900	1009
877	1007
908	746
891	731
931	729
921	712
949	758
1018	758
988	745
968	732
1013	727
969	720
904	816
858	810
884	798
902	791
903	768
881	765
1030	744
1042	775
1052	748
1054	798
1019	798
1034	818
950	811
980	794
934	790
994	773
975	821
1005	819
946	872
1003	863
976	862
954	846
997	844
969	991
952	980
943	953
970	953
965	937
910	894
918	923
938	901
946	925
966	900
974	919
921	992
867	985
894	979
866	965
917	960
846	840
873	857
883	830
891	869
922	852
844	871
894	948
864	943
887	911
842	906
867	891
864	1117
870	1125
879	1104
883	1143
894	1116
917	1119
858	1213
867	1200
890	1230
890	1205
917	1221
942	1203
837	1168
816	1152
850	1146
848	1127
855	1176
879	1176
780	1196
807	1203
808	1181
810	1220
820	1207
833	1195
717	1016
732	1010
676	1008
664	989
680	986
710	994
711	966
721	940
733	991
742	968
759	949
674	1057
652	1051
699	1047
697	1025
651	1019
616	808
651	806
691	845
710	851
734	878
754	875
718	866
745	855
724	840
669	920
646	909
694	903
670	895
682	882
723	911
745	928
753	898
762	919
629	931
644	940
667	951
677	937
685	953
696	933
595	585
598	559
611	578
638	585
651	569
651	599
616	603
566	621
593	608
575	596
570	576
589	567
529	612
542	566
546	601
556	639
552	659
575	665
577	685
588	641
608	679
608	653
610	630
631	675
642	628
653	626
658	647
653	690
426	826
459	789
425	777
453	773
446	804
463	833
557	855
548	841
562	823
536	821
517	867
491	861
477	850
522	836
505	826
484	810
499	903
516	898
538	898
490	893
566	970
557	943
574	934
564	910
554	884
514	965
517	947
494	944
537	934
487	928
523	918
468	955
485	977
537	967
659	792
621	782
662	768
667	748
636	748
582	730
593	778
608	735
612	762
572	711
581	694
603	710
623	697
637	715
484	781
509	769
526	756
494	746
507	737
519	729
424	744
446	741
453	724
469	723
432	716
469	713
272	420
247	419
270	391
250	382
289	377
310	451
301	431
315	414
337	406
317	384
297	477
232	472
253	466
279	457
243	447
336	506
357	496
333	473
371	472
352	469
312	508
285	504
250	548
230	547
246	517
238	493
262	490
287	567
327	567
276	537
312	537
337	533
284	1158
298	1153
297	1138
271	1131
285	1120
261	1114
275	1108
246	1097
278	1091
264	1086
248	1075
272	1188
255	1185
234	1175
289	1174
260	1168
234	1160
202	1078
208	1106
223	1092
224	1074
226	1117
219	1141
198	1153
195	1138
185	1069
209	1059
230	1054
187	1051
239	1042
211	1041
179	1123
166	1103
153	1103
185	1093
169	1081
156	1119
405	897
428	885
394	883
395	864
414	852
459	878
447	859
420	953
449	935
412	928
431	908
462	907
455	975
391	838
396	820
380	803
394	791
376	784
397	767
367	763
374	734
410	718
280	641
310	629
301	615
317	598
302	586
241	630
277	603
239	596
228	574
260	572
234	648
259	647
41	991
22	988
58	986
2	973
19	960
102	1141
99	1126
79	1115
119	1113
100	1105
81	1169
74	1191
74	1092
76	1070
78	1049
98	1059
100	1087
47	1111
48	1032
48	1084
54	1062
58	1046
63	1151
46	1178
56	1201
26	1188
29	1159
12	1150
10	1132
41	1132
11	1107
31	1105
24	1082
9	1058
31	1054
2	1033
21	1033
35	1022
9	1016
