1549	709
1567	703
1578	703
1557	684
1735	689
1540	732
1560	730
1581	720
1536	719
1723	729
1730	710
1707	728
1528	755
1550	750
1561	757
1568	744
1706	775
1717	756
1718	787
1722	772
1722	745
1728	761
1550	787
1557	814
1564	796
1564	781
1531	778
1531	766
1532	791
1539	801
1545	771
1545	780
1527	815
1467	547
1445	539
1430	539
1461	534
1427	523
1447	521
1499	699
1525	698
1509	678
1528	676
1493	672
1472	722
1473	698
1478	674
1488	711
1488	684
1482	744
1488	760
1483	777
1505	811
1509	788
1493	774
1506	769
1506	754
1506	732
1584	827
1578	814
1598	814
1615	813
1600	792
1580	786
1588	846
1600	877
1601	862
1621	858
1633	859
1642	851
1652	874
1638	878
1658	894
1668	859
1678	876
1680	864
1695	885
1590	908
1599	916
1610	905
1622	913
1644	908
1590	891
1536	845
1545	827
1564	832
1574	841
1459	855
1486	857
1496	841
1502	827
1517	854
1522	834
1562	877
1540	865
1523	864
1560	859
1470	873
1478	895
1491	878
1500	896
1513	900
1516	882
1552	914
1572	908
1540	902
1567	896
1535	889
1512	1001
1516	989
1508	963
1523	955
1530	934
1534	972
1548	989
1560	973
1571	955
1409	604
1415	624
1419	587
1435	612
1438	589
1441	626
1417	653
1430	638
1403	678
1409	706
1444	699
1448	712
1451	691
1388	700
1389	681
1390	647
1396	695
1397	667
1395	616
1377	608
1356	608
1394	596
1348	589
1372	589
1351	669
1355	645
1367	673
1367	653
1372	695
1375	627
1351	693
1345	708
1379	710
1443	574
1460	569
1429	564
1405	555
1390	571
1365	573
1338	575
1338	552
1375	868
1380	843
1388	860
1397	845
1406	855
1333	802
1364	797
1344	795
1329	790
1404	752
1421	748
1437	748
1432	727
1416	726
1419	825
1421	814
1424	788
1436	812
1439	791
1404	811
1399	825
1375	789
1389	802
1389	787
1404	781
1346	813
1347	840
1352	828
1358	849
1374	816
1372	774
1357	770
1392	770
1410	766
1435	766
1340	763
1328	761
1333	776
1419	775
1341	730
1360	722
1382	728
1400	725
1346	746
1365	735
1327	750
1281	787
1284	803
1295	807
1301	781
1305	795
1311	808
1289	776
1273	771
1286	763
1294	758
1262	740
1265	729
1275	730
1275	738
1279	722
1291	738
1241	765
1243	781
1255	756
1256	773
1262	768
1269	755
1265	785
1255	797
1263	805
1270	868
1276	895
1283	877
1289	891
1299	878
1300	903
1294	914
1277	836
1278	816
1288	838
1291	825
1301	818
1307	839
1299	856
1287	851
1278	859
1234	841
1209	835
1224	828
1239	826
1315	829
1316	863
1317	851
1330	866
1313	875
1315	906
1329	922
1315	893
1233	877
1252	851
1252	866
1258	885
1228	938
1240	918
1222	917
1264	903
1230	902
1245	898
1240	933
1207	863
1209	856
1215	880
1216	892
1217	930
1207	962
1204	950
1211	987
1162	934
1169	921
1177	946
1184	933
1191	955
1193	943
1178	961
1196	988
1162	911
1185	908
1191	894
1192	902
1194	917
1097	909
1098	891
1108	893
1115	911
1128	901
1093	936
1117	930
1136	928
1137	944
1085	871
1090	878
1097	861
1102	869
1117	862
812	874
813	828
821	844
826	835
837	862
781	865
794	844
796	859
802	865
766	814
769	837
777	850
781	825
724	816
733	831
736	844
753	860
754	826
757	841
720	859
720	878
770	912
758	894
782	891
770	879
777	959
795	948
789	931
766	926
737	967
741	954
743	916
751	929
756	964
769	945
711	951
712	931
722	960
731	943
734	982
777	1014
772	1006
759	999
773	988
758	978
780	971
726	1035
767	1033
743	1032
761	1023
742	1046
720	1043
752	637
780	642
783	621
803	640
803	622
741	681
714	664
695	661
743	656
696	648
713	647
818	633
822	654
836	624
843	653
857	636
861	661
842	686
778	776
811	768
794	762
777	749
808	749
819	725
714	690
751	763
752	743
767	763
759	777
769	788
755	800
725	803
801	809
783	806
819	795
797	786
812	783
718	990
728	1016
734	1002
746	1017
679	979
720	972
704	970
681	963
691	1011
693	995
696	986
711	1016
713	1003
716	1024
713	900
674	893
692	891
702	881
676	881
682	865
704	859
688	839
711	838
671	831
675	953
696	944
673	934
695	917
670	909
606	656
607	675
618	636
632	629
581	698
583	716
592	692
608	717
615	706
613	692
630	708
585	735
588	792
588	774
575	747
566	746
588	806
620	776
611	776
561	657
562	676
574	667
584	680
597	677
572	734
571	720
560	705
571	705
567	690
555	689
522	662
527	684
531	648
542	694
546	659
547	677
489	682
490	663
493	644
509	656
510	646
513	676
463	655
463	633
469	617
479	632
480	642
484	636
428	627
428	606
442	618
444	588
447	633
436	658
446	676
434	862
439	853
451	868
469	867
473	855
491	856
482	876
478	890
460	882
435	813
420	807
444	806
431	797
463	799
465	817
475	820
476	805
485	805
461	832
447	837
426	834
414	830
436	828
448	823
421	820
455	848
370	829
349	826
383	818
367	814
384	800
410	846
411	884
414	865
421	853
424	843
428	878
356	875
350	861
367	848
349	844
337	842
368	863
377	886
362	895
345	888
384	868
387	848
392	834
401	856
402	816
400	875
397	895
402	911
387	917
415	916
434	914
432	906
419	898
445	889
452	902
452	917
433	927
477	756
475	740
499	706
496	692
511	695
528	701
440	727
447	757
451	739
453	725
462	732
463	748
465	701
415	766
419	749
430	753
434	744
432	768
427	784
414	783
445	778
341	754
343	730
349	745
355	757
355	735
334	785
325	781
343	779
359	773
335	768
367	761
476	790
485	789
464	783
488	777
478	776
462	765
181	682
181	669
170	669
169	661
179	658
220	710
221	682
233	708
234	692
247	708
184	720
168	715
188	701
175	697
185	690
204	735
210	728
202	713
211	698
201	684
314	897
285	891
263	888
307	879
275	874
289	857
228	750
225	738
238	735
230	722
311	751
321	762
218	805
230	799
219	786
231	778
220	772
227	764
181	766
170	765
179	749
190	734
175	731
167	782
186	780
184	796
182	811
201	810
204	794
205	773
199	759
205	748
197	832
212	839
223	820
240	887
253	871
248	902
240	916
255	933
270	926
288	920
270	908
293	906
265	948
260	968
267	981
231	594
235	581
246	601
253	584
265	589
265	599
247	634
266	623
253	616
275	609
228	626
244	646
258	649
250	660
233	642
193	672
208	667
227	666
197	655
210	647
189	644
188	618
204	603
220	606
221	593
131	621
147	614
151	601
159	613
173	621
174	607
122	635
147	636
158	651
169	645
52	721
64	733
72	713
74	743
84	711
89	718
52	708
72	692
81	673
59	656
14	693
39	690
16	675
37	654
16	643
12	733
34	728
4	718
30	708
10	888
27	886
20	865
7	859
27	847
7	834
25	819
7	817
20	801
6	788
92	733
106	727
117	736
124	748
113	759
102	746
89	761
99	769
17	772
33	770
28	758
19	754
2	751
29	743
41	760
47	736
51	748
62	757
55	777
51	815
55	806
45	802
35	796
55	795
45	785
12	926
3	914
17	907
3	901
15	938
31	924
37	936
47	876
60	868
44	858
47	832
48	895
51	914
65	915
63	932
46	945
