2009	407
2024	403
2039	402
2006	391
2020	384
2035	384
2040	444
1995	430
2003	422
2027	418
2029	462
2030	485
2016	492
1978	730
1954	723
1979	710
1955	706
2006	726
2022	715
2042	735
2033	752
2040	719
2027	804
2016	793
2017	777
2029	769
1957	752
1970	775
1979	743
1984	802
1997	776
2006	747
1973	823
1968	797
1953	846
1969	842
1949	829
1951	813
2009	856
2023	848
1997	847
2018	835
2021	823
2004	822
2018	885
2006	880
1977	879
1988	869
2018	867
1954	901
1962	885
1946	876
1959	864
1944	857
1982	944
2009	943
2011	927
1991	920
2020	904
1996	902
1949	952
1964	936
1936	932
1962	923
1949	919
1988	990
1976	978
2000	963
1969	962
1899	920
1921	917
1901	906
1937	894
1916	891
1906	879
1922	877
1930	863
1914	849
1931	841
1916	829
1925	817
1913	813
1915	706
1917	738
1918	758
1931	724
1933	747
1939	710
1950	974
1918	973
1901	965
1898	936
1929	944
1931	959
1926	800
1910	798
1919	788
1951	784
1929	774
1946	766
1875	753
1876	739
1893	749
1899	735
1861	769
1873	778
1884	771
1889	784
1902	781
1905	770
1622	703
1603	699
1618	685
1608	663
1630	510
1700	848
1683	842
1676	833
1702	832
1692	815
1689	801
1680	783
1693	770
1681	754
1631	735
1633	719
1650	719
1643	695
1658	695
1672	713
1653	684
1636	681
1630	664
1640	840
1658	829
1627	826
1632	816
1647	808
1616	736
1633	752
1648	740
1662	754
1666	736
1671	745
1658	793
1616	785
1648	774
1666	772
1620	771
1612	810
1600	804
1603	764
1598	721
1615	719
1669	873
1691	869
1712	860
1684	855
1666	854
1606	898
1592	889
1594	872
1605	842
1625	905
1625	855
1635	887
1637	866
1644	902
1652	879
1660	941
1650	937
1642	924
1655	918
1666	896
1675	913
1689	898
1529	954
1550	960
1555	940
1568	949
1569	931
1582	942
1586	965
1593	922
1603	944
1614	928
1533	976
1536	990
1539	970
1546	1001
1558	978
1559	994
1634	1006
1637	992
1653	980
1638	969
1651	961
1635	948
1583	983
1592	1015
1593	995
1616	971
1616	1022
1555	676
1537	673
1537	651
1559	637
1544	633
1549	451
1556	434
1563	443
1543	468
1568	666
1573	648
1573	731
1578	708
1588	694
1577	637
1525	720
1539	714
1532	691
1545	690
1529	684
1512	731
1522	737
1515	753
1574	913
1562	886
1576	879
1563	873
1565	861
1585	791
1558	790
1569	774
1582	760
1566	751
1588	742
1583	851
1578	833
1566	820
1556	810
1582	808
1520	911
1527	928
1538	916
1541	889
1549	908
1550	873
1544	860
1539	846
1548	826
1481	995
1486	1014
1494	997
1495	980
1482	978
1483	963
1472	932
1488	905
1486	889
1442	932
1457	934
1457	922
1465	920
1466	905
1464	974
1441	967
1426	961
1438	955
1465	951
1436	944
1424	1017
1436	1028
1450	1032
1454	1021
1465	1012
1471	1022
1447	1005
1418	1003
1432	998
1462	993
1450	985
1388	986
1389	1010
1394	1000
1397	973
1407	968
1407	985
1408	1017
1302	682
1305	659
1314	670
1322	697
1326	651
1340	687
1250	681
1257	695
1268	681
1285	672
1268	830
1254	816
1271	814
1270	798
1288	778
1299	775
1290	761
1306	743
1288	743
1310	714
1280	840
1279	822
1293	813
1283	797
1293	792
1246	907
1237	887
1259	874
1241	861
1255	846
1231	841
1232	918
1241	792
1252	778
1268	772
1246	764
1242	743
1269	743
1239	730
1263	729
1251	722
1253	711
1279	710
1239	699
1166	641
1184	638
1226	620
1178	620
1201	620
1227	636
1160	683
1161	666
1153	654
1167	651
1215	690
1205	679
1227	677
1210	671
1224	657
1178	698
1184	684
1192	681
1195	695
1195	666
760	424
762	455
769	482
773	433
784	422
804	431
795	450
809	458
810	478
744	514
748	590
750	575
751	545
749	493
746	473
748	437
707	481
709	464
725	496
729	468
730	429
737	455
723	579
694	574
710	561
730	551
736	534
710	524
847	455
850	515
856	468
859	495
848	549
861	555
827	567
831	587
843	563
847	586
853	605
853	621
771	504
794	476
794	501
811	502
832	472
833	496
832	514
799	545
822	538
786	534
809	526
771	525
792	518
837	538
871	536
880	514
767	556
778	579
795	571
811	555
816	577
950	564
953	540
957	495
965	527
976	508
935	498
906	616
913	643
924	614
929	663
934	644
941	600
928	569
929	544
898	535
931	527
909	519
927	511
919	500
896	487
915	473
893	468
926	482
872	680
874	661
890	656
874	647
869	627
889	620
868	576
877	560
882	596
891	574
1213	856
1190	852
1185	832
1203	831
1207	815
1201	799
1185	784
1202	772
1189	760
1184	751
1207	750
1203	736
1219	797
1212	782
1227	775
1224	755
1224	740
1225	729
1228	817
1220	877
1213	899
1211	721
1191	719
1201	707
1221	701
1208	922
1190	902
1184	890
1198	881
1190	924
1138	733
1159	726
1143	718
1158	706
1136	702
1146	690
1174	723
1185	735
1129	766
1141	756
1151	776
1167	744
1169	763
864	788
873	776
844	769
867	760
842	758
761	786
765	797
773	770
788	803
800	805
823	800
812	784
800	766
821	763
798	754
856	849
852	828
836	820
848	813
835	797
844	878
808	889
827	884
811	866
816	848
814	830
999	863
1001	808
1004	872
1010	847
949	792
975	785
963	770
977	761
944	832
954	845
959	858
966	859
970	813
971	833
914	746
929	712
935	729
945	751
952	724
959	750
897	784
916	773
924	802
931	818
942	773
945	806
957	822
885	810
878	793
887	765
901	764
891	749
874	697
932	695
911	694
892	687
878	859
872	848
893	844
876	831
906	827
887	881
870	875
878	891
851	899
875	739
901	733
863	726
897	716
879	714
1142	982
1147	963
1152	994
1162	965
1216	941
1137	1052
1160	1042
1139	1028
1131	1022
1162	1014
1179	1013
1147	1122
1128	1112
1148	1092
1128	1087
1146	1073
1118	1068
1149	1109
1093	976
1101	966
1110	983
1110	949
1117	959
1130	954
1107	996
1125	1004
1094	996
861	982
849	968
864	967
836	963
884	960
874	981
879	981
886	1001
833	949
851	952
856	923
859	908
870	939
872	921
808	955
829	934
808	933
828	919
826	907
805	977
821	983
837	980
766	994
776	1021
778	1005
793	990
797	1010
799	1031
788	1051
764	1056
778	947
760	941
773	929
762	915
778	978
787	962
769	961
752	960
1072	1333
1082	1346
1088	1324
1100	1305
1104	1351
1109	1329
1070	1354
1093	1363
993	1304
1046	1294
1010	1279
1002	1257
1035	1257
1044	1282
1030	1276
1094	1031
1117	1029
1100	1017
1113	1013
1088	1010
1061	1271
1101	1061
1108	1046
1121	1049
990	1324
1003	1347
1010	1317
1030	1317
786	1079
1094	1093
1094	1074
1096	1120
1104	1113
1112	1097
747	1091
750	1070
754	1088
760	1103
768	1082
776	1066
742	1047
774	1039
756	1033
755	1013
737	1012
726	906
755	906
770	905
742	901
739	947
721	943
730	926
714	923
702	950
687	950
676	961
693	975
711	988
712	969
712	956
721	987
734	974
734	959
739	994
751	980
717	1048
721	1088
726	1073
728	1058
733	1098
699	1037
728	1030
715	1020
695	1019
722	1004
712	1003
692	997
686	1053
691	1078
702	1051
702	1066
657	1069
668	1059
646	1059
654	1046
633	1036
646	1033
678	1032
638	1020
620	1015
600	1010
621	990
638	1000
656	1000
669	987
680	1002
666	1020
607	980
652	975
593	974
629	967
614	961
655	958
688	619
699	616
674	612
679	602
705	595
731	599
685	644
665	639
698	636
705	627
675	624
645	538
659	555
661	529
684	587
687	546
688	528
662	585
644	644
654	629
637	615
653	606
592	640
605	603
605	636
621	636
622	610
590	567
610	550
622	583
634	553
636	575
669	673
683	667
647	661
696	660
667	652
586	667
601	655
602	676
619	668
625	656
626	693
648	741
632	740
636	724
649	720
641	706
695	719
684	704
704	698
676	689
697	688
665	745
682	757
666	766
676	771
630	758
631	785
649	796
649	763
655	780
668	790
642	827
647	815
596	816
609	795
612	763
618	775
627	810
606	843
561	643
565	658
565	623
578	643
581	616
553	615
547	603
562	595
553	585
570	573
516	659
536	651
520	641
525	630
535	615
539	635
542	728
518	716
532	714
514	700
528	697
518	682
537	676
550	670
556	685
441	671
446	656
460	652
479	649
484	638
487	656
427	731
451	730
436	714
451	697
432	697
435	683
531	768
511	758
533	754
521	736
505	730
464	800
465	780
462	760
452	756
462	746
468	721
469	739
524	813
535	813
518	805
534	793
496	793
519	784
401	808
402	819
411	790
415	809
426	785
496	846
531	842
520	835
532	831
492	830
396	850
399	838
421	834
434	846
439	827
85	771
40	765
68	763
46	752
73	748
71	822
62	808
81	793
54	784
12	829
39	813
13	809
34	796
27	869
17	864
36	857
13	848
35	842
64	871
81	861
56	853
87	849
76	838
59	836
517	897
519	878
533	880
537	902
523	856
538	861
521	963
508	946
527	936
509	927
478	888
478	856
480	876
483	898
493	892
495	875
486	919
528	919
503	913
478	908
402	939
425	939
403	920
420	919
392	897
403	880
389	876
441	869
380	972
381	992
393	976
401	964
411	986
416	958
363	955
371	917
373	894
374	870
376	933
361	883
379	851
216	986
196	982
224	976
203	962
219	961
230	988
164	992
181	988
171	982
171	968
186	960
76	978
64	961
59	941
83	939
91	965
91	988
62	997
92	924
71	921
55	920
81	908
87	891
66	888
18	926
39	918
19	911
34	899
40	882
21	1006
42	998
15	986
44	978
9	1010
9	1029
8	947
10	962
27	937
29	954
40	941
42	960
244	1015
378	1013
395	1000
239	997
199	1000
201	1017
212	996
213	1017
226	1004
229	1025
160	1099
188	1094
183	1023
159	1013
172	1008
182	1144
194	1138
171	1132
200	1120
166	1120
183	1115
219	1169
220	1140
222	1154
235	1169
243	1142
253	1152
250	1178
186	1153
203	1148
204	1166
213	1187
