1826	632
1831	594
1837	606
1846	637
1861	624
1864	607
1749	749
1762	747
1783	743
1750	731
1759	730
1778	728
1755	716
1779	712
1757	703
1746	694
1771	692
1759	682
1788	679
1774	672
1761	666
1768	649
1788	649
1793	662
1819	683
1824	658
1835	662
1820	699
1822	713
1786	699
1793	717
1790	607
1793	631
1796	600
1804	615
1766	781
1776	767
1759	765
1791	756
1779	789
1793	779
1800	762
1730	619
1748	634
1750	608
1765	624
1771	606
1781	633
1718	644
1727	661
1740	651
1752	662
1593	751
1628	739
1595	736
1628	725
1609	738
1616	750
1661	776
1646	772
1649	752
1636	751
1591	773
1603	767
1605	787
1606	799
1623	771
1626	789
1623	803
1610	808
1630	826
1642	839
1660	831
1661	813
1643	811
1668	794
1652	792
1643	734
1640	716
1641	702
1638	679
1646	668
1636	656
1631	624
1635	641
1636	604
1649	624
1651	640
1659	636
1602	666
1620	665
1614	652
1600	646
1616	638
1600	714
1611	712
1620	703
1595	700
1601	683
1618	680
1597	626
1611	617
1589	604
1605	603
1566	799
1546	788
1577	786
1589	785
1503	796
1523	794
1513	782
1498	778
1519	772
1531	771
1461	766
1481	763
1485	744
1456	737
1495	758
1570	771
1544	768
1582	764
1577	754
1558	747
1561	836
1542	828
1578	828
1565	820
1548	814
1579	808
1563	853
1563	868
1539	871
1453	785
1467	806
1468	782
1486	792
1487	810
1452	814
1530	841
1509	816
1518	809
1531	807
1545	849
1587	654
1585	636
1568	631
1578	614
1471	659
1549	662
1552	644
1565	652
1583	687
1553	679
1565	673
1582	669
1469	728
1452	721
1478	713
1456	699
1464	679
1574	736
1583	726
1558	721
1566	716
1583	712
1567	701
1432	814
1427	783
1439	782
1417	767
1437	765
1443	799
1443	746
1422	744
1429	719
1413	713
1439	701
1417	698
1412	654
1420	671
1426	654
1437	658
1446	679
1454	658
1390	767
1394	793
1397	812
1401	774
1413	782
1414	805
1385	812
1366	754
1372	811
1379	775
1380	795
1387	677
1399	666
1433	879
1448	877
1448	862
1435	862
1430	848
1442	838
1472	832
1453	828
1440	824
1489	836
1501	835
1476	850
1461	844
1470	865
1348	848
1371	848
1358	834
1344	833
1374	827
1349	818
1354	888
1376	884
1364	882
1360	866
1384	862
1398	877
1400	895
1410	853
1414	907
1419	867
1421	886
1392	833
1413	824
1419	839
1428	907
1469	898
1452	897
1441	894
1467	881
1462	910
1483	880
1326	918
1340	917
1346	902
1365	916
1382	900
1395	918
1298	1021
1306	1008
1312	1018
1323	1009
1343	1006
1349	1023
1366	1044
1341	1043
1358	1034
1371	1031
1324	1030
1309	1033
1296	1034
1291	1045
1304	1047
1340	1099
1336	1085
1351	1075
1333	1069
1353	1063
1318	1108
1302	1096
1317	1075
1299	1074
1319	1060
1297	1057
1412	923
1417	943
1429	930
1444	918
1446	938
1379	950
1380	926
1395	934
1404	950
1407	935
1401	975
1385	971
1375	962
1396	962
1329	960
1336	987
1347	971
1351	992
1358	958
1351	941
1329	935
1284	981
1291	990
1294	966
1305	955
1311	971
1318	993
1310	939
1370	1016
1373	1000
1386	989
1366	978
1262	899
1265	879
1279	898
1293	907
1300	893
1319	883
1283	862
1305	861
1244	857
1259	855
1300	848
1280	844
1250	871
1210	896
1227	904
1241	909
1246	893
1254	918
1272	923
1209	877
1213	858
1221	831
1227	871
1236	835
1241	815
1061	816
1046	812
1057	801
1045	793
1062	787
1025	845
1008	841
996	829
1013	826
1030	820
1054	871
1068	868
1055	851
1063	835
1048	834
1052	889
1060	903
1056	918
1056	765
1048	753
1038	742
1058	730
1035	720
1050	715
1063	708
1031	702
1031	681
1054	678
1004	752
1005	735
1011	770
1019	733
1023	755
1037	761
1021	780
1027	796
1039	773
1012	881
1033	873
1005	870
1016	861
1002	853
1019	902
1022	924
1039	926
1041	906
1001	816
1016	812
992	809
993	799
1007	794
1003	721
1014	712
996	708
978	705
1014	695
999	783
988	782
977	769
996	768
986	752
905	730
964	731
966	714
967	747
898	777
876	764
913	763
890	760
896	748
908	746
918	590
921	570
903	562
921	553
881	606
867	591
893	588
881	576
864	560
884	555
901	610
940	568
940	554
941	535
933	519
935	581
933	608
931	632
937	622
921	656
917	639
901	632
920	616
966	442
943	435
972	420
957	417
941	410
923	442
901	434
923	421
903	419
864	443
881	437
861	427
877	417
910	493
915	480
896	476
916	460
894	454
946	518
938	511
946	499
933	488
949	474
939	456
856	506
844	504
861	490
858	475
871	461
858	454
869	512
870	523
903	537
924	530
911	515
927	508
869	542
889	523
888	504
876	478
848	849
851	824
856	863
862	841
866	822
868	855
855	786
846	778
853	534
856	520
860	751
827	850
829	832
831	865
843	875
826	815
841	810
858	800
833	795
816	791
811	856
809	836
791	826
807	810
793	809
799	794
508	876
811	874
508	860
802	859
819	871
486	894
502	892
515	901
525	916
523	881
473	861
474	885
476	844
488	873
491	860
500	849
422	842
426	871
434	838
436	884
447	860
454	880
451	831
402	891
403	908
413	918
417	893
432	906
454	903
370	836
387	865
404	833
409	875
411	854
413	827
270	780
277	759
289	776
294	764
325	799
311	797
345	793
318	782
335	781
309	777
372	786
344	809
296	808
360	807
371	805
396	813
411	804
429	803
350	843
319	836
334	833
331	820
313	818
390	839
324	877
352	872
331	856
365	855
375	882
270	843
274	865
282	823
291	839
302	848
300	867
304	885
302	900
250	874
226	851
255	851
243	838
239	813
230	752
240	771
247	741
257	786
259	763
227	789
259	808
268	819
276	797
224	916
214	908
234	897
249	890
270	889
186	895
286	894
289	874
225	710
226	694
248	719
267	729
201	780
220	769
201	766
220	759
198	747
196	820
204	808
205	838
218	824
157	807
160	787
165	824
173	795
180	780
185	808
153	848
183	827
128	731
128	693
139	716
161	727
162	706
187	722
127	751
129	763
149	741
155	770
167	748
177	765
121	797
126	781
132	814
143	794
131	826
147	831
138	639
120	623
146	621
139	617
113	761
112	747
98	744
110	730
97	725
108	779
98	677
124	672
94	653
117	648
101	641
120	715
124	708
104	707
104	691
89	689
364	947
377	933
405	949
406	937
423	938
483	944
488	919
502	954
503	929
433	927
438	949
448	927
465	933
468	957
541	966
524	959
542	943
528	938
358	897
366	916
387	903
390	918
319	957
329	935
333	966
334	949
351	939
358	959
315	905
320	891
327	919
337	888
342	895
343	911
296	924
302	913
310	939
312	926
512	1036
514	1019
527	1001
514	998
537	988
513	979
496	1040
508	1054
496	1070
478	985
487	974
494	1015
496	999
472	1029
458	1027
451	1012
461	1011
472	1004
472	1079
455	1067
482	1058
469	1055
459	1045
446	1080
450	1098
431	978
432	990
452	969
470	977
437	1044
448	1043
426	1030
445	1028
388	1070
408	1070
371	1067
405	1055
385	1052
404	1040
431	1085
421	1084
423	1069
436	1065
419	1055
345	1103
351	1117
355	1091
367	1128
368	1104
449	1123
414	1117
432	1117
428	1102
416	1097
446	1137
415	1138
427	1140
376	1141
398	1130
381	1123
399	1118
398	1098
385	1083
424	1178
445	1174
460	1174
420	1163
446	1152
459	1151
389	1159
390	1170
402	1145
404	1189
404	1174
402	1202
461	1214
417	1210
428	1197
463	1194
447	1194
442	1260
431	1249
441	1242
425	1231
439	1221
477	1185
479	1229
480	1209
484	1252
469	1261
460	1246
