1779	444
1798	468
1802	442
1824	469
1886	483
1923	464
1946	458
1961	476
1998	479
2040	476
1959	513
1915	503
1988	497
1939	496
2013	538
2039	536
2014	499
2041	498
1859	552
1866	524
1868	503
1873	536
1892	574
1947	590
1917	581
1950	558
1914	558
1913	548
1928	531
1957	609
1982	598
1987	616
2003	612
2032	608
2011	589
1993	564
2041	563
2041	672
2015	661
1987	659
2036	642
1994	632
2009	628
2014	733
2037	733
1984	718
2025	699
1999	686
2043	804
2017	794
1986	791
2027	765
1979	758
1701	504
1711	489
1729	505
1789	500
1700	457
1705	432
1723	447
1735	476
1748	472
1750	449
1631	445
1633	426
1641	462
1655	429
1668	456
1679	423
1649	352
1800	415
1741	412
1706	411
1766	397
1639	401
1685	380
1720	383
1614	399
1585	460
1611	422
1611	442
1614	470
1616	370
1562	489
1585	489
1612	505
1640	495
1647	488
1667	495
1455	573
1476	569
1437	568
1452	565
1487	551
1511	575
1180	581
1405	588
1414	605
1429	585
1447	613
1455	593
1478	586
1480	609
1498	620
1519	613
1503	605
1518	593
1500	585
1521	585
1108	582
1139	581
1146	605
1159	579
1162	600
1172	621
1127	632
1102	627
1126	608
1093	607
1077	457
1087	483
1101	501
1119	469
1131	520
1134	489
1102	438
1188	557
1177	542
1150	539
1168	530
1132	552
1107	534
1076	530
1075	550
1162	512
1063	625
1047	602
1052	575
1079	571
1028	503
1049	455
1054	522
1056	484
1703	566
1730	564
1667	548
1727	532
1686	528
1610	575
1614	558
1615	535
1629	588
1641	559
1642	528
1595	522
1712	665
1728	644
1701	639
1715	604
1730	585
1793	674
1757	659
1774	639
1756	629
1747	601
1708	733
1728	727
1738	711
1702	710
1716	693
1800	763
1757	755
1763	734
1799	725
1771	709
1802	702
1668	696
1686	694
1689	678
1674	655
1671	624
1683	593
1630	751
1649	749
1651	740
1641	725
1631	701
1640	621
1654	638
1656	593
1625	603
1603	727
1608	761
1616	737
1627	776
1581	690
1611	684
1636	679
1598	666
1585	652
1520	701
1525	720
1538	688
1545	736
1551	705
1566	713
1577	742
1546	665
1518	654
1539	645
1540	640
1514	628
1483	678
1486	732
1490	708
1507	733
1458	776
1469	775
1474	793
1478	776
1462	667
1488	656
1443	646
1501	640
1465	637
1438	702
1467	701
1456	693
1436	680
1430	758
1459	757
1457	742
1469	722
1450	721
1430	713
1420	738
1385	738
1410	712
1386	703
1370	692
1403	686
1400	666
1372	666
1388	647
1397	628
1987	843
2001	821
2003	876
2018	861
2036	828
2042	853
2041	866
2044	882
1952	800
1957	780
1964	863
1968	813
1925	616
1933	673
1950	638
1973	641
1968	690
1893	725
1924	721
1912	695
1886	689
1946	687
1957	711
1967	731
1953	745
1867	638
1882	641
1888	673
1889	666
1901	638
1906	610
1763	617
1847	797
1874	780
1880	756
1902	788
1902	756
1815	745
1826	694
1832	720
1839	759
1852	712
1856	748
1810	835
1812	862
1817	803
1821	881
1826	910
1828	818
1804	783
1829	779
1712	842
1746	823
1774	838
1779	799
1750	795
1771	767
1744	774
1711	778
1663	775
1713	763
1688	756
1714	801
1683	798
1727	752
1556	803
1503	801
1517	793
1494	774
1545	766
1518	759
1579	778
1493	807
1499	837
1531	817
1534	841
1584	824
1622	812
1640	836
1643	813
1659	808
1678	835
1889	883
1858	880
1913	875
1875	862
1840	848
1895	844
1863	823
1875	836
1885	808
1839	948
1861	939
1885	928
1848	923
1890	907
1722	1021
1726	996
1730	974
1750	956
1745	1009
1751	992
1769	971
1687	890
1687	859
1725	869
1728	897
1742	871
1768	880
1751	846
1747	890
1678	919
1700	910
1707	932
1739	926
1753	914
1759	931
1634	959
1644	994
1659	966
1668	986
1686	952
1694	986
1622	931
1623	906
1657	901
1660	935
1657	1026
1631	1028
1623	1053
1595	872
1618	884
1623	859
1649	871
1668	857
1594	1048
1603	1011
1610	987
1576	986
1603	963
1565	949
1561	932
1585	932
1594	911
1564	908
1538	889
1556	878
1526	874
1541	857
1516	856
1571	852
1100	911
1071	900
1099	892
1067	883
1081	811
1070	784
1056	781
1085	778
1140	793
1142	769
1134	755
1155	741
1104	753
1102	811
1109	818
1146	811
1012	821
1049	806
1042	791
1012	785
1032	772
1088	863
1066	857
1074	842
1063	829
1067	1138
1072	1126
1076	1158
1104	1155
1117	1136
1071	962
1121	959
1086	951
1123	934
1102	930
1072	925
1054	958
1051	978
1057	1018
1017	884
1030	879
1048	873
1016	868
1025	854
1049	904
1027	902
1046	921
1056	940
1103	671
1159	665
1129	661
1106	645
1152	637
1105	725
1147	721
1141	711
1119	707
1089	694
1149	687
1005	756
1024	745
1001	733
1040	721
1081	764
1082	746
1065	744
1082	722
1023	711
1024	677
1034	696
1057	676
1072	702
1074	655
1008	599
1008	555
1022	569
1028	588
1034	541
1038	577
964	629
993	625
974	601
992	583
956	579
951	705
954	648
956	687
1005	654
918	595
921	574
926	623
935	595
933	647
944	657
934	679
867	566
882	566
943	548
927	535
872	652
822	639
847	629
877	627
864	596
821	851
812	831
766	828
781	827
875	901
853	898
876	875
838	861
863	846
813	941
850	924
830	912
814	906
764	962
789	922
757	914
780	893
836	700
868	688
847	667
797	662
814	660
739	721
742	750
759	700
764	732
775	751
783	712
876	753
839	736
803	728
865	723
815	714
818	758
847	761
863	771
793	807
774	784
804	780
793	757
843	823
871	817
871	800
848	791
873	779
827	1084
779	1075
763	1066
823	1057
791	1053
729	992
744	984
721	977
729	961
724	940
758	1027
777	1024
808	1022
784	986
812	968
841	1031
886	1015
864	1011
846	987
875	979
852	959
741	1044
732	1029
743	1008
755	1000
762	996
856	1107
857	1082
860	1052
879	1051
785	1120
835	1101
800	1098
819	1139
830	1154
853	1146
498	752
455	747
527	743
464	716
495	708
523	704
533	756
554	754
584	770
590	745
606	731
612	752
527	822
564	815
494	803
555	787
523	777
631	859
638	821
615	798
636	780
607	778
638	760
518	883
531	881
488	873
516	851
540	840
641	1111
642	1091
654	1140
660	1113
641	1158
574	1062
622	1062
570	1043
579	1023
595	1014
609	1000
632	1000
594	992
628	976
581	962
594	954
616	935
588	933
599	917
635	909
601	905
526	935
466	933
492	924
528	906
495	901
576	1084
581	1132
586	1113
604	1131
605	1075
616	1146
512	1005
495	990
518	987
515	969
502	945
485	1018
454	997
652	1003
670	1026
673	994
677	1013
631	1034
618	1023
714	831
739	834
747	807
766	861
796	849
753	878
800	871
693	704
700	744
715	713
719	736
659	803
716	793
691	786
668	781
685	769
654	764
749	772
649	851
650	888
677	880
681	849
685	809
624	700
666	690
641	689
623	676
709	691
801	695
612	713
633	718
636	741
665	745
669	721
801	494
765	481
820	472
801	458
781	445
780	420
802	408
758	404
831	400
771	395
785	357
817	365
758	347
784	382
738	537
759	555
762	517
775	502
781	552
781	522
728	588
764	599
749	583
712	458
747	450
711	427
750	422
712	407
735	395
748	372
710	370
726	349
742	317
454	1079
457	1070
460	1101
466	1050
489	1083
510	1068
492	1054
511	1039
423	988
472	973
444	959
419	950
430	932
441	907
456	883
422	876
439	856
473	853
453	847
463	825
433	825
443	792
466	768
419	1052
422	1020
437	1072
442	1020
385	763
401	743
401	718
420	762
425	736
435	715
438	761
385	792
398	818
408	845
408	803
408	894
401	916
625	641
638	658
643	611
647	632
668	651
675	606
601	548
614	536
592	533
638	522
569	519
725	557
672	550
698	548
723	524
666	517
716	514
627	596
648	588
625	577
642	556
548	691
566	707
593	700
611	688
727	636
704	635
740	616
684	580
670	629
707	659
728	663
686	673
648	390
574	388
623	369
597	354
676	395
697	398
692	372
565	338
555	366
624	442
626	414
656	444
656	422
683	433
574	409
577	424
578	434
592	454
601	431
601	400
662	488
679	467
700	489
738	487
578	479
593	499
596	477
609	472
631	475
632	499
513	397
522	370
526	351
541	334
545	393
78	491
82	455
100	486
102	507
92	525
81	548
67	558
61	545
42	540
10	539
14	518
55	518
6	491
7	455
17	479
36	488
47	456
62	473
49	621
22	612
58	606
8	595
37	585
25	565
27	816
44	814
17	798
29	778
6	777
5	762
4	886
29	881
11	868
6	852
29	843
17	833
29	946
19	932
26	911
9	908
21	997
13	968
27	974
14	1030
