1537	1088
1539	1059
1545	1036
1549	1075
1561	1050
1566	1070
1565	1081
1517	1025
1538	1020
1527	1004
1532	991
1516	984
1510	1074
1512	1063
1528	1043
1529	1075
1485	1051
1471	1047
1500	1044
1473	1032
1502	1027
1498	1066
1371	769
1390	763
1383	746
1362	740
1398	754
1367	784
1336	905
1355	901
1341	888
1366	880
1355	869
1341	866
1324	805
1338	786
1345	754
1356	773
1385	649
1364	628
1383	628
1355	618
1383	611
1309	690
1295	688
1365	687
1346	685
1330	680
1395	728
1366	720
1381	713
1405	709
1392	703
1368	699
1305	710
1313	737
1322	724
1330	701
1340	729
1348	706
1298	890
1311	898
1319	886
1325	898
1281	838
1282	818
1296	851
1311	871
1325	865
1334	843
1286	870
1275	759
1287	776
1301	787
1312	752
1318	770
1284	797
1300	809
1316	829
1260	771
1246	761
1256	751
1244	746
1242	830
1247	847
1252	834
1258	827
1261	846
1262	865
1238	813
1252	807
1240	794
1253	788
1254	702
1268	698
1245	694
1273	683
1253	682
1271	674
1290	737
1270	734
1255	720
1278	719
1242	730
891	624
1332	644
1334	627
1342	668
1347	653
1349	633
879	709
845	708
860	698
863	672
841	661
841	643
863	645
867	625
875	625
883	652
1045	980
1028	965
1052	959
1037	946
1028	1029
1050	1018
1066	1017
1029	1010
1034	997
1060	994
1077	1012
976	939
1025	935
1001	923
984	914
1024	912
978	908
1054	928
1061	909
1073	931
1078	913
1070	961
1069	977
1073	989
998	844
977	843
992	827
1007	827
1025	819
1034	853
1045	838
1084	854
1070	841
1066	862
1036	871
998	897
1032	895
1010	885
984	871
1009	863
1048	891
1076	891
1088	879
987	954
990	999
994	977
1005	954
1008	980
1011	997
1008	1014
1050	769
1022	767
1046	752
1029	751
1023	732
883	773
917	773
898	769
876	766
902	758
883	755
998	804
989	794
1002	781
983	769
981	749
1003	746
932	770
935	757
937	781
942	763
920	799
922	819
933	803
1074	820
1068	804
1034	800
1017	797
1044	792
889	828
891	810
897	796
881	790
880	811
967	636
939	627
965	616
937	609
980	604
959	599
984	628
996	644
912	672
896	667
908	647
911	616
914	541
914	583
917	632
944	673
933	669
945	650
935	644
975	660
945	713
953	712
928	701
941	688
863	730
871	744
884	727
891	745
906	738
900	708
912	692
881	679
891	693
925	723
926	745
939	723
942	745
952	732
953	748
798	740
802	761
815	741
831	748
795	678
796	651
803	704
814	669
822	689
826	718
781	734
769	724
753	721
737	714
777	707
735	654
748	656
753	698
763	651
772	663
782	687
724	922
753	911
712	901
735	898
755	896
679	921
686	903
687	938
696	926
679	943
697	959
699	973
737	989
741	941
754	965
757	934
758	987
762	972
754	1006
758	951
709	1007
712	944
716	990
723	969
733	1012
764	795
756	788
751	779
745	766
761	746
769	760
701	768
717	820
721	776
722	801
627	802
649	804
664	825
669	790
679	808
681	824
643	817
740	848
753	834
735	825
754	817
744	804
736	798
712	883
693	881
737	870
692	855
719	855
712	839
752	883
620	852
642	842
659	876
669	843
672	870
678	886
680	673
698	675
699	690
718	667
720	676
714	699
631	756
644	764
660	743
700	748
713	730
716	753
560	721
617	718
580	703
567	685
667	705
652	724
680	729
691	721
556	743
577	752
581	734
599	727
602	747
632	780
571	776
615	772
553	771
594	769
678	767
518	754
523	767
538	770
539	748
540	792
537	712
590	792
592	816
607	793
609	845
609	822
306	929
283	924
310	910
287	904
309	894
280	859
282	886
304	860
305	879
296	985
284	971
306	959
300	950
280	949
240	979
239	958
250	938
225	938
261	955
262	973
265	989
260	895
226	890
243	876
223	875
267	873
254	856
68	849
44	840
61	836
43	827
57	824
42	921
68	919
81	909
66	908
50	901
241	911
267	912
250	928
86	896
66	893
38	891
49	878
72	869
49	862
61	966
36	962
65	950
43	944
51	937
84	977
99	957
54	993
35	811
14	806
32	792
9	788
16	781
30	944
21	926
15	890
3	883
29	977
26	872
6	861
24	851
6	843
26	832
2	823
