1989	686
2019	680
2007	674
1984	664
2014	646
1988	643
2033	690
2043	676
2034	664
2044	656
2042	648
2042	633
1995	741
2022	728
1985	725
2020	712
1986	706
2011	698
2019	794
1994	793
2019	775
2008	760
2026	757
1951	720
1961	696
1949	680
1964	665
1967	653
1896	772
1944	770
1909	762
1927	760
1971	786
1968	766
1977	750
1978	748
1955	742
1895	804
1911	785
1917	817
1919	802
1932	806
1948	795
1865	813
1873	782
1873	838
1882	794
2039	857
2039	834
2039	808
2039	780
2043	748
2045	720
1993	862
2026	858
2009	853
1990	839
2016	837
1989	897
2019	895
2033	895
2010	888
2026	874
2005	871
2044	1082
2035	939
2044	925
2037	872
2021	947
2002	944
2004	920
2024	914
2039	991
2006	983
2035	975
1988	965
2011	964
2033	960
2016	1064
2004	1038
2002	1017
1985	991
2023	1043
2031	1070
2007	1085
1983	1090
1589	600
1589	582
1609	610
1624	596
1625	602
1632	610
1581	646
1584	623
1614	648
1640	644
1548	674
1539	661
1561	659
1564	633
1589	674
1532	614
1562	613
1546	603
1562	593
1532	592
1559	582
1504	616
1506	641
1519	657
1519	609
1522	630
1542	640
1691	676
1709	675
1728	685
1746	675
1664	627
1667	675
1667	659
1682	650
1647	589
1648	617
1669	599
1679	619
1636	690
1654	690
1646	669
1643	657
1667	721
1630	717
1646	704
1670	701
1627	698
1684	697
1733	725
1704	724
1689	717
1716	717
1734	704
1706	698
1759	704
1775	694
1779	715
1617	757
1634	734
1640	750
1658	739
1660	761
1683	739
1686	757
1709	743
1742	752
1771	733
1763	749
1728	767
1700	772
1946	1018
1975	1016
1926	1014
1958	1004
1909	999
1944	994
1904	1032
1942	973
1919	968
1929	950
1953	948
1912	935
1923	853
1898	852
1943	850
1892	837
1911	835
1973	864
1968	844
1944	824
1972	820
1945	919
1922	904
1933	880
1933	865
1979	946
1963	904
1940	899
1952	880
1976	880
1962	876
1978	928
1982	1062
1952	1059
1961	1038
1940	1035
1963	1080
1925	1051
1913	1063
1870	876
1877	896
1880	911
1892	928
1897	879
1898	950
1869	961
1895	976
1827	853
1862	853
1807	833
1846	832
1828	822
1755	854
1710	852
1723	848
1714	838
1740	836
1739	821
1760	824
1771	841
1782	825
1789	814
1791	855
1708	871
1715	897
1721	867
1731	889
1736	867
1771	901
1745	900
1787	889
1750	883
1776	871
1797	902
1808	878
1825	895
1842	885
1847	911
1594	930
1596	917
1600	908
1613	920
1614	944
1615	905
1631	918
1648	909
1623	892
1644	888
1624	870
1639	865
1645	970
1623	963
1636	949
1658	939
1629	973
1666	878
1674	898
1684	865
1687	888
1698	891
1696	911
1623	848
1645	840
1623	827
1638	822
1648	809
1626	802
1635	791
1608	787
1657	785
1637	772
1675	805
1681	780
1708	787
1718	799
1728	784
1738	790
1695	811
1760	810
1665	821
1669	840
1693	843
1704	821
1533	820
1537	804
1542	831
1539	846
1541	918
1546	928
1559	916
1574	923
1683	930
1665	925
1693	924
1676	915
1675	942
1692	947
1697	960
1707	935
1721	950
1686	995
1662	993
1672	990
1689	983
1671	976
1678	960
1667	966
1673	1026
1697	1024
1664	1013
1681	1008
1668	1001
1704	1001
1751	1052
1764	1044
1736	1039
1754	1032
1777	1031
1866	1048
1887	1049
1883	1068
1844	972
1806	964
1831	955
1802	951
1848	949
1807	935
1832	932
1785	917
1812	912
1850	927
1785	1006
1794	984
1814	1011
1822	986
1841	1000
1856	989
1884	1016
1860	1007
1861	1028
1746	1086
1729	1080
1745	1068
1723	1064
1764	1064
1740	935
1741	918
1744	959
1760	941
1762	923
1775	958
1721	1026
1747	1014
1764	1012
1732	998
1714	986
1757	985
1567	1099
1595	1091
1556	1082
1569	1079
1584	1078
1628	1107
1625	1094
1613	1082
1627	1081
1636	1123
1618	1124
1619	1144
1600	1145
1626	1063
1608	1060
1621	1052
1625	1039
1600	1038
1639	1038
1580	1128
1596	1124
1564	1118
1588	1109
1609	1106
1596	1065
1554	1065
1572	1063
1556	1051
1571	1049
1585	1049
1733	1165
1735	1142
1748	1141
1750	1156
1753	1176
1725	1188
1727	1209
1746	1195
1714	1131
1743	1125
1726	1117
1694	1110
1746	1106
1731	1101
1707	1091
1701	1068
1690	1046
1719	1042
1683	1178
1687	1157
1697	1174
1702	1196
1707	1157
1659	1050
1665	1077
1673	1046
1680	1063
1687	1131
1664	1119
1653	1106
1664	1098
1682	1093
1655	1087
1494	699
1458	697
1482	690
1443	679
1462	677
1512	694
1514	681
1530	679
1414	702
1426	721
1431	699
1444	725
1462	812
1446	806
1480	800
1460	796
1446	784
1475	783
1529	804
1499	780
1469	729
1459	719
1485	717
1499	790
1500	800
1494	812
944	592
951	604
953	619
965	617
927	641
911	640
952	639
965	634
938	626
921	625
996	657
976	656
997	643
975	641
990	628
974	626
1449	658
1468	645
1476	661
1484	646
1484	631
1496	663
912	657
921	654
922	676
923	668
936	682
976	679
958	678
946	676
966	659
940	656
986	691
1011	691
1001	683
1006	672
1012	667
987	664
1015	714
999	710
979	707
1005	699
967	696
967	717
961	707
951	706
952	694
959	717
963	736
973	730
991	724
975	746
993	744
1014	744
1010	729
1026	725
1006	759
988	758
1036	750
1470	828
1472	869
1474	855
1477	819
1481	840
1487	828
1436	872
1456	864
1437	854
1451	848
1434	833
1449	828
1503	888
1508	873
1514	838
1518	851
1453	912
1438	907
1442	889
1460	887
1426	886
1423	951
1421	942
1439	942
1433	937
1442	925
1427	922
1459	995
1468	989
1418	970
1413	961
833	758
806	757
821	746
834	736
812	731
828	718
807	583
808	601
830	548
830	602
833	590
920	613
887	612
933	610
872	604
931	599
926	592
931	690
803	714
818	711
838	711
827	625
807	616
837	613
851	589
852	611
855	560
866	620
848	726
856	741
847	752
922	828
895	820
928	799
907	785
830	796
814	794
801	773
817	772
842	772
798	819
813	811
817	830
828	812
809	842
809	859
828	861
831	844
859	850
883	855
919	904
906	894
918	894
912	876
905	864
790	859
779	853
795	839
786	827
786	813
791	806
793	797
778	786
783	768
794	746
784	744
793	732
721	810
723	822
725	838
729	819
733	832
735	843
727	850
732	865
696	829
706	828
714	828
706	817
712	811
689	861
712	860
675	856
686	849
705	845
453	931
467	930
467	922
483	918
493	934
500	914
336	948
328	933
343	924
355	917
334	910
333	892
466	987
416	980
466	974
476	974
359	987
374	997
377	980
382	968
388	993
389	983
396	1001
402	983
406	993
414	1003
706	873
711	886
716	869
726	883
738	882
744	869
722	902
749	903
761	912
781	870
783	887
784	930
789	875
765	927
765	942
749	945
741	939
792	904
798	889
804	930
806	904
826	886
841	885
814	877
836	876
505	929
684	881
694	873
698	888
705	902
834	931
823	923
842	921
837	917
823	909
832	899
791	965
781	962
797	950
784	943
806	975
788	983
788	1000
797	1023
815	960
842	954
834	950
825	943
828	967
828	989
833	978
822	1008
369	1022
384	1016
379	1008
361	1007
401	1012
423	1016
407	1027
442	1016
319	1005
336	1010
340	1029
341	993
349	1022
374	1036
376	1067
377	1051
386	1053
328	1056
341	1069
345	1041
354	1071
357	1060
361	1043
323	1071
333	1084
1013	1045
994	1033
1015	1032
1010	1022
955	1050
971	1050
965	1028
955	1008
970	1006
967	986
914	940
891	935
922	928
907	921
892	913
918	913
899	953
911	962
919	951
958	971
963	952
977	968
1017	978
999	970
1013	965
990	955
1008	945
995	940
1023	1018
984	1016
999	1006
1020	999
986	997
1001	986
955	1097
972	1090
958	1077
974	1071
980	1108
967	1115
950	1119
983	1131
996	1098
990	1083
1006	1082
994	1065
1009	1064
990	1052
996	1116
286	877
301	869
316	866
286	860
302	853
288	846
301	905
288	904
316	901
285	891
300	886
316	883
303	962
304	927
280	918
300	915
302	974
259	878
271	865
257	854
273	847
272	904
257	900
235	900
250	896
241	887
269	886
268	928
238	921
247	921
244	907
270	946
279	959
220	943
211	961
232	970
182	815
186	848
187	826
203	816
204	840
215	828
216	843
181	875
182	862
192	878
196	889
180	886
182	899
175	837
160	834
172	823
162	820
149	863
152	853
154	844
160	864
166	849
168	863
149	879
150	906
154	893
165	875
165	902
122	884
127	912
137	904
138	891
139	872
105	1161
131	1157
106	1148
118	1145
106	1136
131	1137
126	1128
140	1079
153	1069
135	1065
142	1053
150	1043
98	1121
119	1121
131	1117
106	1104
125	1104
97	1099
108	1088
123	1084
113	1073
111	1063
118	1054
158	1056
168	1044
182	1041
185	1059
156	1093
165	1079
168	1063
170	1089
174	1070
167	1099
150	1155
142	1145
142	1129
150	1114
137	1103
149	1171
160	1168
149	1188
144	1199
129	1198
112	1193
112	1178
125	1175
117	1168
18	1085
9	1084
39	1079
3	1073
11	1069
40	1068
77	1096
61	1094
71	1084
75	1077
58	1072
72	1068
65	1125
81	1122
79	1112
65	1108
45	1108
8	1104
16	1094
32	1093
30	1107
18	1110
29	1118
45	1121
41	1132
110	1045
130	1038
115	1033
105	1025
58	1058
71	1040
74	1056
83	1063
84	1033
87	1050
35	1030
36	1021
49	1022
51	1039
64	1025
33	1043
38	1005
16	1003
10	990
24	989
7	976
27	1004
118	1001
112	1010
149	1017
18	1059
33	1056
5	1054
13	1048
21	1044
9	1038
21	1031
2	1026
20	1019
5	1011
96	923
100	879
101	866
103	842
106	856
81	869
88	919
88	886
88	856
92	909
40	889
43	874
47	860
56	925
61	900
65	918
39	932
47	933
16	957
4	955
13	946
29	944
2	931
20	927
6	917
23	916
15	908
2	907
28	906
