1725	369
1749	366
1716	346
1742	345
1776	371
1766	357
1781	349
1765	342
1767	326
1780	314
1793	383
1831	366
1799	358
1823	344
1801	328
1828	427
1812	406
1832	395
1812	388
1721	496
1741	496
1735	473
1719	470
1722	462
1736	447
1719	444
1719	427
1733	418
1743	399
1840	463
1792	462
1836	448
1818	446
1794	431
1792	517
1832	511
1813	502
1839	494
1791	484
1824	474
1689	534
1714	534
1745	523
1730	517
1701	515
1761	475
1765	449
1764	419
1769	386
1767	504
1769	537
1820	560
1844	560
1834	541
1818	528
1820	585
1844	590
1841	615
1819	609
1569	131
1589	119
1623	117
1606	106
1543	122
1531	134
1611	163
1565	154
1583	145
1550	142
1604	140
1511	155
1527	166
1546	164
1639	196
1616	190
1646	188
1632	182
1639	168
1631	150
1579	213
1558	207
1584	194
1560	181
1588	172
1534	228
1539	184
1540	209
1547	239
1554	226
1553	259
1617	240
1648	215
1625	214
1603	213
1642	235
1641	259
1617	270
1642	495
1683	483
1659	479
1640	478
1642	463
1656	458
1656	344
1676	330
1686	314
1685	296
1655	282
1672	273
1647	446
1672	434
1697	396
1691	368
1649	547
1623	532
1637	516
1666	514
1612	323
1614	340
1618	309
1629	335
1641	353
1648	324
1641	302
1633	283
1584	300
1589	316
1597	335
1602	290
1607	447
1603	467
1594	279
1572	275
1593	259
1566	243
1592	235
1381	384
1400	376
1415	372
1418	405
1433	383
1439	403
1349	430
1370	428
1345	423
1360	411
1389	405
1358	400
1295	487
1281	486
1331	482
1331	463
1331	449
1299	447
1392	450
1399	436
1410	468
1414	428
1424	465
1425	447
1387	489
1372	483
1372	469
1433	422
1447	425
1448	441
1458	453
1441	463
1455	489
1459	475
1431	494
1353	494
1353	476
1354	466
1355	447
1167	439
1176	480
1185	449
1196	466
1185	499
1170	508
1168	540
1155	471
1129	458
1151	451
1137	442
1126	515
1150	514
1123	499
1160	493
1133	484
1157	570
1143	556
1120	541
1136	538
1153	538
1095	432
1096	495
1096	455
1103	476
1105	518
1036	466
1045	500
1062	487
1063	515
1066	462
1078	535
1064	538
1051	526
1339	522
1340	549
1367	518
1381	506
1408	552
1388	551
1434	547
1411	534
1396	517
1421	515
1379	537
1358	537
1284	525
1295	515
1296	557
1311	532
1320	553
1321	502
1324	564
1409	585
1394	584
1426	569
1369	564
1331	594
1357	586
1315	584
1338	575
1451	602
1465	586
1447	582
1450	561
1461	528
1446	525
1699	567
1717	559
1743	558
1747	581
1766	560
1768	581
1674	568
1686	585
1606	591
1609	562
1622	580
1626	553
1646	567
1648	591
1646	612
1792	621
1795	597
1794	576
1789	561
1693	637
1755	627
1697	615
1766	604
1734	598
1708	591
1714	635
1676	595
1802	668
1844	661
1822	656
1804	649
1841	640
1813	631
1705	659
1714	684
1734	681
1737	651
1740	706
1788	711
1797	691
1779	689
1787	664
1782	642
1773	626
1813	723
1819	699
1839	698
1821	680
1834	676
1762	654
1764	718
1765	736
1765	698
1769	672
1781	778
1775	757
1803	746
1785	735
1800	772
1811	787
1854	779
1830	760
1849	751
1850	728
1833	726
1835	780
1834	795
1452	671
1445	647
1469	644
1467	616
1406	646
1409	671
1423	607
1426	632
1427	668
1382	634
1383	599
1393	610
1402	624
1405	603
1330	670
1341	665
1346	679
1362	666
1394	680
1374	688
1356	637
1328	623
1363	619
1340	609
1306	719
1317	711
1287	708
1306	688
1324	686
1292	685
1335	746
1344	733
1366	731
1377	719
1343	706
1280	767
1297	758
1274	751
1291	735
1314	735
1272	729
1300	816
1326	804
1309	794
1320	781
1368	804
1359	792
1371	773
1351	771
1365	755
1345	822
1366	834
1355	854
1138	926
1148	907
1158	903
1150	890
1146	862
1199	817
1187	1063
1176	1048
1192	1043
1155	1036
1203	1038
1096	846
1113	846
1131	846
1077	774
1108	767
1094	757
1124	733
1089	727
1109	717
1091	697
1117	697
1026	583
1046	574
1054	563
1030	559
1062	552
1073	556
1131	570
1140	588
1142	604
1038	636
1028	623
1052	622
1071	619
1036	606
1060	600
1067	690
1080	668
1105	666
1092	648
1100	875
1114	886
1118	871
1121	893
1133	898
1137	879
1125	916
1063	716
1053	667
1065	648
1050	643
1043	785
1067	802
1051	745
1326	918
1326	894
1341	927
1347	888
1352	905
1341	1003
1328	999
1346	980
1325	974
1341	958
1309	873
1338	867
1303	849
1339	845
1320	837
1272	935
1280	958
1286	913
1301	894
1303	950
1307	922
1304	990
1281	987
1287	1012
1258	827
1268	783
1271	806
1289	785
1278	845
1284	874
1777	872
1784	833
1799	856
1800	876
1773	842
1747	837
1738	816
1711	824
1763	819
1741	934
1741	905
1766	919
1777	941
1763	959
1786	911
1763	895
1782	888
1708	890
1713	873
1716	860
1734	863
1740	886
1757	874
1682	900
1684	888
1694	908
1703	918
1707	904
1722	916
1607	1093
1610	1071
1620	1053
1628	1095
1633	1078
1643	1055
1575	1053
1588	1082
1590	1062
1604	1052
1590	1044
1022	878
1049	874
1003	863
1031	858
1006	848
1050	848
1032	836
1012	832
992	836
981	890
976	855
952	846
953	806
976	799
1020	955
1007	932
1006	904
1024	903
955	982
970	969
946	958
960	944
964	925
985	925
983	948
1018	1017
1006	1008
1012	982
992	972
985	686
1002	674
1024	681
1025	652
1045	693
979	776
995	757
974	738
1000	734
980	715
1006	705
1045	765
940	623
958	599
964	620
981	588
984	616
1013	627
1006	638
973	638
955	720
925	714
931	691
960	667
929	666
947	645
922	774
941	773
961	762
924	756
940	744
912	731
954	1027
975	1020
947	1006
955	1001
982	993
936	1043
912	1021
929	1019
930	992
905	986
950	1071
976	1059
996	1074
1000	1051
1019	1051
1026	1065
995	1030
1000	1128
981	1123
1019	1118
991	1105
1033	1100
1011	1086
973	1085
966	1105
944	1095
949	914
928	909
955	893
933	883
948	866
903	973
918	972
914	946
939	932
903	928
885	862
908	856
900	820
909	800
918	824
879	912
858	910
898	907
860	883
885	883
905	883
503	934
852	972
863	936
866	972
886	958
506	805
483	797
487	787
497	783
517	829
548	821
530	810
529	792
518	779
490	865
478	858
500	845
484	838
494	822
477	817
528	896
531	872
548	858
530	845
542	836
523	917
502	912
479	910
491	891
471	885
510	883
498	662
468	655
458	653
482	652
530	660
550	645
445	697
446	676
454	670
468	699
468	670
465	715
482	689
495	703
510	701
531	692
483	723
529	712
480	766
486	744
506	744
499	720
535	738
548	702
558	755
561	725
576	763
581	737
543	776
546	794
571	480
580	497
584	520
604	513
615	484
616	523
633	527
646	515
658	532
661	508
701	538
658	552
635	552
602	567
585	564
610	550
594	546
619	540
630	600
649	595
667	580
627	576
616	572
636	570
677	607
591	650
585	636
571	632
576	608
569	595
595	585
613	639
648	637
627	634
648	619
621	619
634	615
684	624
699	618
669	687
686	682
693	671
676	667
698	647
683	644
535	756
576	692
583	669
565	660
623	657
634	672
643	655
649	675
639	695
656	707
644	711
658	728
671	748
674	709
695	724
697	746
699	702
691	766
688	782
710	714
717	705
719	749
720	728
732	741
730	764
708	773
709	793
728	788
120	502
147	491
119	473
148	452
133	448
106	522
34	515
41	495
30	490
42	518
143	569
129	553
165	553
129	534
154	519
133	514
66	582
111	572
90	564
68	560
98	546
83	543
165	575
185	574
236	540
225	547
215	570
235	578
265	565
275	579
320	607
338	607
278	599
302	592
326	584
339	562
320	514
330	540
329	492
118	591
139	594
172	604
183	588
195	601
214	615
220	635
260	627
230	621
251	595
218	593
526	540
550	533
562	518
568	543
517	502
551	616
523	602
542	585
517	573
550	558
514	683
555	683
545	668
530	632
472	638
479	609
481	632
494	609
500	630
503	587
504	562
408	613
431	611
425	581
421	561
439	555
396	590
387	551
412	535
400	519
365	620
361	591
366	568
359	548
374	530
357	510
351	484
373	491
113	678
146	654
126	630
157	619
58	656
59	631
83	669
86	640
95	624
47	684
5	683
20	671
49	667
6	641
38	636
16	620
3	605
11	583
6	543
420	777
428	759
430	781
438	772
436	737
444	720
361	721
383	694
404	726
423	706
415	675
386	665
358	660
419	644
392	639
351	767
353	781
362	750
390	760
409	751
402	784
373	826
373	790
375	846
393	814
397	831
300	864
317	839
298	835
303	822
313	815
311	798
383	923
387	904
385	881
371	870
368	993
387	986
365	966
383	949
399	943
357	934
392	968
382	1011
365	1025
336	810
338	836
346	853
356	833
363	806
352	911
328	896
346	887
332	874
321	868
351	865
327	977
317	956
332	943
328	922
325	1006
345	964
342	988
350	1015
311	936
298	923
314	913
314	895
296	893
293	945
298	743
300	718
316	763
322	743
326	708
338	726
325	783
277	644
282	627
300	640
309	648
317	626
346	630
328	655
332	631
266	733
266	718
269	708
280	723
288	701
249	693
261	691
241	679
262	652
244	649
282	682
305	681
333	677
353	692
226	969
241	949
225	941
243	922
229	864
249	853
242	837
249	782
237	774
269	839
280	822
277	800
258	799
272	757
290	764
299	776
293	788
278	939
277	917
251	899
268	892
277	876
257	873
262	934
260	954
257	1039
252	1021
226	999
249	996
242	978
253	977
237	1033
226	1051
225	1070
216	892
210	876
210	862
217	842
203	943
219	1023
211	1038
225	827
192	820
222	802
195	797
209	783
214	765
166	761
171	719
181	743
189	728
116	724
126	740
128	755
146	721
146	748
161	707
115	706
130	697
155	689
182	680
73	736
74	710
78	758
100	719
105	765
78	691
101	698
39	752
16	752
20	739
52	723
27	711
50	701
167	925
184	931
185	899
210	915
180	967
201	983
177	998
194	1015
130	800
173	796
117	793
154	786
141	784
127	778
147	853
150	838
169	828
137	812
199	846
179	853
180	874
113	836
73	812
96	809
102	788
76	784
14	798
19	770
30	788
50	809
53	791
57	770
38	830
53	853
53	873
68	901
75	882
84	858
93	914
96	868
106	874
125	900
135	938
138	899
152	907
159	886
161	948
159	973
139	1027
