1632	714
1613	708
1619	687
1596	676
1623	658
1662	724
1691	704
1662	698
1684	674
1650	667
1665	929
1672	902
1678	952
1678	921
1622	966
1604	956
1614	936
1637	921
1638	897
1643	949
1691	977
1726	967
1713	952
1689	939
1807	556
1812	530
1816	578
1820	497
1679	582
1731	581
1670	560
1702	558
1741	555
1687	547
1754	518
1787	574
1789	595
1794	519
1767	605
1794	609
1758	580
1697	651
1676	642
1645	638
1687	616
1665	606
1712	602
1728	627
1736	657
1752	626
1754	668
1776	642
1715	682
1798	916
1829	915
1807	898
1829	888
1889	887
1901	866
1854	869
1914	892
1812	976
1826	972
1787	970
1845	948
1814	943
1794	936
1742	957
1761	930
1765	950
1773	908
1726	1056
1754	1048
1732	1039
1685	1032
1753	1020
1728	1019
1771	1010
1707	1005
1703	987
1721	985
1740	985
1639	1024
1655	1017
1673	999
1628	996
1652	989
1669	971
1588	1017
1588	996
1599	978
1612	1034
1696	1113
1709	1087
1733	1083
1752	1067
1726	1149
1724	1124
1720	1103
1660	1101
1658	1078
1672	1049
1660	1037
1672	1124
1666	1146
1671	1158
1401	961
1372	955
1420	947
1395	931
1422	928
1372	922
1393	868
1414	868
1374	868
1400	850
1403	812
1374	808
1356	1016
1360	1000
1367	982
1416	976
1378	1018
1405	1006
1406	1029
1430	994
1419	912
1368	907
1429	890
1372	890
1405	888
1357	857
1339	844
1342	819
1357	795
1349	957
1324	932
1346	929
1332	909
1350	899
1327	878
1329	960
1342	975
1230	736
1243	720
1216	705
1254	688
1228	683
696	911
719	904
717	889
690	885
688	795
661	794
680	769
665	766
651	749
711	860
678	844
650	823
681	822
633	829
596	824
620	796
595	761
830	769
771	741
839	739
819	713
856	764
808	767
782	773
797	823
797	806
771	801
823	798
802	792
840	789
609	896
595	882
624	879
603	863
634	855
609	844
631	916
659	893
783	916
817	898
771	888
817	878
786	859
814	848
678	958
708	949
666	936
719	926
667	916
733	857
742	886
749	842
751	813
744	909
753	924
732	962
602	952
626	956
637	976
657	965
584	957
611	989
635	999
661	997
703	1054
709	1023
687	1007
709	1003
713	976
707	1083
541	990
531	987
556	974
540	953
550	926
633	1053
678	1039
641	1032
618	1027
656	1020
696	981
537	1017
544	1044
560	1027
566	1001
573	1058
548	1064
587	986
591	1021
598	1046
606	1006
606	1074
614	1097
693	1112
636	1106
657	1098
683	1091
618	1072
662	1067
651	1146
701	1142
676	1141
622	1138
634	1162
633	1187
660	1195
702	1178
603	581
526	571
556	567
579	566
539	549
568	540
535	618
589	612
556	601
524	599
571	625
608	631
629	624
540	691
571	690
585	667
554	667
566	650
532	717
650	731
669	714
659	707
666	680
638	672
652	666
626	749
600	736
596	716
626	713
615	694
621	671
551	799
585	793
563	774
541	766
558	747
457	876
490	868
514	842
517	807
515	871
570	885
584	867
544	858
576	840
554	838
572	820
599	922
576	912
534	909
556	902
544	896
554	890
434	735
456	732
477	712
431	708
451	692
466	690
488	681
518	662
513	646
485	635
513	626
489	605
441	673
463	665
464	645
440	635
461	614
428	609
496	569
511	542
490	532
514	514
485	512
486	747
506	735
521	735
499	707
459	789
476	782
450	767
471	763
499	768
425	561
439	569
441	556
448	528
459	505
473	560
466	585
366	658
387	625
399	683
401	607
411	654
403	585
401	557
255	667
267	710
277	678
284	696
285	660
275	732
254	747
267	767
283	754
229	620
254	641
259	613
287	638
289	605
245	773
224	763
205	755
226	736
201	732
239	795
203	710
236	706
198	691
228	679
199	675
183	650
209	643
186	630
182	610
210	600
276	497
277	476
289	505
319	481
328	483
331	500
229	539
252	520
270	546
292	559
335	529
252	575
233	564
277	571
183	471
200	470
210	487
237	457
244	482
272	452
192	508
190	588
171	582
209	567
183	554
185	532
207	525
