1927	714
1910	712
1916	696
1936	684
1909	680
1918	671
1891	720
1896	669
1899	684
1901	702
1903	725
1900	794
1902	809
1900	763
1932	640
1912	623
1932	607
1914	605
1906	650
1878	649
1891	631
1890	620
1896	613
1986	664
1993	657
1979	644
1985	621
1988	600
1916	782
1925	765
1908	745
1930	744
1934	774
1937	757
1929	793
1955	695
1952	659
1939	657
1953	641
1949	714
1942	729
1957	736
1960	752
1948	765
1863	784
1865	769
1875	774
1880	757
1884	738
1881	797
1971	726
1967	707
1982	696
1966	682
1974	664
2009	587
1976	586
1996	581
1996	565
1762	618
1770	587
1775	611
1782	576
1960	625
1941	621
1959	609
1955	582
1937	578
1959	568
1796	630
1809	628
1791	619
1812	609
1797	606
1717	465
1730	456
1736	466
1752	456
1757	469
1819	463
1822	438
1850	453
1856	484
1805	486
1810	473
1787	472
1810	456
1793	452
1810	441
1719	497
1774	497
1778	489
1752	487
1733	485
1751	503
1761	678
1775	673
1757	656
1767	654
1776	633
1755	629
1782	686
1835	690
1822	684
1820	670
1785	652
1799	652
1716	615
1719	643
1732	660
1736	622
1716	655
1716	669
1722	696
1743	691
1754	702
1773	702
1775	718
1794	708
1797	726
1807	716
1775	730
1723	738
1742	728
1730	714
1712	711
1743	708
1738	770
1756	759
1775	751
1738	749
1761	742
1754	778
1602	238
1604	235
1651	235
1605	220
1599	285
1601	248
1615	260
1619	285
1626	252
1653	260
1573	254
1577	245
1570	236
1588	230
1566	218
1537	307
1520	297
1549	292
1519	286
1608	651
1593	645
1591	628
1601	613
1629	623
1624	642
1661	612
1596	594
1601	542
1592	538
1562	422
1580	403
1568	385
1590	377
1569	361
1589	354
1574	337
1588	320
1573	307
1581	296
1591	295
1572	281
1586	273
1532	269
1557	264
1520	260
1541	251
1543	234
1554	319
1552	344
1541	397
1531	381
1549	375
1521	372
1531	350
1530	332
1509	234
1510	261
1518	245
1521	218
1514	310
1515	333
1516	400
1512	421
1593	684
1614	682
1629	682
1620	668
1631	661
1588	661
1635	645
1520	890
1520	442
1537	437
1546	418
1481	945
1461	944
1498	944
1478	932
1498	931
1460	930
1496	951
1458	910
1469	897
1481	901
1493	916
1501	894
1516	905
1459	890
1448	885
1456	873
1477	870
1475	857
1391	871
1396	852
1401	859
1402	840
1406	854
1386	887
1368	883
1369	872
1359	869
1396	885
1380	861
1368	858
1352	853
1386	842
1363	840
1371	835
1392	823
1381	818
1351	817
1391	809
1371	802
1349	745
1353	759
1354	728
1364	756
1364	737
1377	730
1316	799
1340	798
1326	792
1321	778
1333	776
1342	776
1321	763
1340	763
1311	754
1334	749
1263	809
1282	806
1265	801
1269	793
1280	782
1280	769
1272	754
1285	747
1297	734
1278	730
1261	730
1295	724
1320	673
1357	672
1337	671
1327	661
1364	659
1345	654
1373	677
1264	712
1254	699
1276	697
1269	695
1289	706
1292	696
1370	719
1351	714
1372	704
1349	695
1366	693
1308	717
1311	691
1314	729
1320	704
1329	688
1337	727
1263	848
1247	841
1285	838
1270	828
1257	823
1276	817
1313	847
1323	833
1320	814
1332	811
1312	863
1253	872
1268	867
1287	863
1255	862
1296	796
1299	781
1302	817
1305	833
1302	850
1304	898
1296	888
1297	870
1309	881
1281	916
1259	913
1265	905
1276	897
1261	887
1281	882
1112	649
1116	628
1118	611
1128	642
1138	623
1127	599
1099	589
1112	588
1130	586
1112	575
1106	644
1089	640
1095	639
1094	624
1087	618
1103	606
1049	641
1072	629
1048	627
1043	611
1068	604
1043	797
1060	791
1073	787
1048	779
1061	764
1042	760
1034	742
1047	739
1028	732
1071	727
1053	714
1067	698
1077	680
1072	667
1037	665
1052	662
1088	696
1103	687
1097	671
1109	662
1089	653
1094	735
1086	732
1098	711
1084	710
1075	752
1058	824
1046	813
1075	805
1055	804
1055	839
1074	837
1072	850
1124	752
1122	731
1117	700
1116	683
1117	664
1145	767
1140	753
1121	768
1125	784
1103	799
1095	788
1109	788
1110	772
1088	767
1105	753
1093	835
1093	818
1106	817
610	614
622	597
1029	625
1031	653
1023	658
1020	676
1042	686
1033	699
1025	715
572	715
586	709
566	696
580	690
627	717
560	634
590	657
597	638
598	673
539	612
554	619
556	604
574	616
584	600
523	678
528	694
530	714
537	680
542	689
511	647
526	628
528	649
533	636
543	632
553	650
505	469
509	488
516	513
522	463
531	470
461	522
463	499
470	478
476	526
489	471
534	510
536	491
553	522
553	488
554	505
568	528
461	537
486	541
507	551
526	535
541	537
550	549
527	552
565	559
574	574
581	541
594	562
533	588
553	587
532	569
511	567
626	583
443	654
429	652
461	646
463	631
433	631
445	629
449	683
467	679
480	678
458	670
421	667
467	663
413	676
379	676
361	697
378	691
362	686
405	686
398	700
453	717
428	714
437	711
416	708
445	697
430	689
462	704
462	690
465	724
476	695
477	709
393	739
375	738
352	728
379	716
356	714
382	775
354	770
366	761
383	755
348	749
358	745
402	772
431	762
410	757
419	737
433	737
445	728
442	777
457	739
472	765
480	797
493	772
505	767
473	745
490	736
503	748
587	830
576	823
569	804
577	791
643	847
631	843
649	831
632	829
633	818
648	809
600	897
611	880
593	876
608	864
604	843
547	918
563	904
542	898
578	894
557	878
578	874
579	915
633	922
636	898
633	875
636	859
555	743
588	741
600	738
576	734
616	757
617	750
624	759
629	763
637	743
645	760
557	769
574	767
545	761
559	754
577	753
642	800
617	793
627	774
611	769
589	808
608	806
602	784
593	758
654	730
666	710
682	717
685	700
701	710
713	701
695	727
716	731
697	768
707	754
666	752
693	751
688	825
663	816
693	806
672	798
692	790
683	780
731	868
769	860
750	850
720	849
738	840
657	854
670	853
671	837
702	856
703	836
690	868
678	869
656	870
578	1037
588	1054
591	1030
603	1038
581	1074
578	1093
603	1058
607	945
619	942
587	934
615	925
601	920
539	966
560	963
525	958
559	941
533	940
551	1008
537	1002
569	997
536	983
550	983
570	978
598	1002
588	988
608	974
596	967
616	960
610	1010
613	993
581	1015
538	1021
543	1062
543	1036
560	1045
563	1027
563	1073
546	1077
505	890
513	906
521	893
530	876
508	923
530	913
523	930
432	867
443	860
456	855
426	845
489	859
471	864
489	843
421	783
429	805
444	787
446	797
460	783
465	802
482	832
496	818
500	834
510	837
515	822
514	802
496	789
390	807
350	791
399	785
362	782
364	803
373	820
403	827
376	841
412	808
434	826
444	833
455	818
456	842
395	867
400	851
403	882
415	859
411	902
420	874
423	899
437	880
452	894
454	878
473	876
306	958
286	949
301	933
306	920
329	966
335	954
346	942
325	934
321	915
249	996
265	990
289	986
241	966
266	960
305	990
305	977
282	972
287	1026
265	1016
251	1009
299	1007
281	1006
715	980
727	980
694	977
720	962
705	959
728	942
709	939
697	932
722	923
738	902
706	901
720	894
764	889
742	884
713	878
676	885
692	894
682	915
651	912
674	904
661	899
654	959
680	954
667	946
651	945
678	937
661	929
702	1029
705	1016
723	1014
711	999
724	996
669	996
655	988
655	978
670	972
689	996
683	1014
665	1014
