1982	867
2023	865
2039	862
2017	854
2036	846
2038	839
2026	837
2046	850
2005	909
2039	893
2017	893
2005	888
2028	880
2035	872
1973	911
1980	891
1968	881
1972	874
1999	945
2020	936
2000	932
2037	930
2006	923
2022	919
1990	960
2008	960
1983	946
1986	935
1985	923
2014	970
2020	960
2027	949
2017	948
2016	979
1981	983
2004	980
2003	971
1982	968
1952	919
1954	900
1961	889
1962	930
1964	954
1962	971
1964	991
1996	1014
2007	991
2010	1004
2015	1016
1966	1021
1968	1012
1974	995
1978	1006
1981	1022
1987	998
1923	961
1908	954
1922	946
1909	935
1917	922
1911	913
1935	951
1938	961
1942	935
1948	958
1933	976
1945	971
1949	982
1921	907
1926	892
1933	886
1934	901
1937	915
1943	890
1910	988
1905	978
1920	974
1908	968
1927	991
1922	1001
1937	1003
1945	998
1943	989
1899	883
1901	896
1911	887
1912	899
1919	876
1877	902
1887	902
1888	889
1877	886
1887	878
1874	873
1871	912
1876	924
1883	930
1884	915
1894	930
1899	917
1877	794
1872	780
1882	773
1871	768
1888	765
1887	787
1888	784
1883	800
1899	799
1918	799
1901	790
1899	782
1897	844
1910	835
1899	831
1891	822
1913	820
1903	812
1916	810
1923	826
1926	811
1927	859
1929	845
1940	828
1931	822
1886	867
1878	863
1883	856
1879	845
1888	833
1905	869
1907	859
1906	850
1915	845
1918	655
1901	650
1903	639
1920	638
1912	631
1914	666
1929	671
1930	647
1940	663
1946	647
1875	697
1885	684
1893	672
1872	662
1893	661
1874	733
1899	730
1882	721
1896	717
1871	713
1890	707
1913	726
1907	708
1922	699
1904	697
1915	679
1915	715
1913	740
1876	758
1901	754
1893	752
1869	750
1885	738
1851	743
1837	738
1854	729
1849	717
1851	705
1837	687
1836	677
1856	662
1829	650
1829	774
1852	774
1837	769
1853	756
1842	755
1846	799
1858	797
1833	790
1845	785
1826	784
1828	801
1823	814
1841	812
1857	809
1807	871
1814	884
1831	889
1832	877
1799	916
1808	902
1816	914
1829	903
1813	854
1813	839
1825	837
1838	859
1843	846
1849	861
1827	865
1776	852
1782	856
1796	853
1799	863
1759	866
1765	880
1770	866
1778	877
1784	867
1792	882
1682	903
1666	898
1674	891
1684	886
1669	879
1695	873
1757	892
1761	904
1774	897
1776	909
1790	896
1794	909
1677	918
1669	912
1691	912
1658	912
1697	778
1708	776
1713	767
1721	774
1734	774
1666	802
1673	787
1679	796
1685	787
1695	792
1726	797
1709	815
1700	814
1688	807
1713	807
1659	835
1677	835
1650	827
1661	819
1677	818
1652	807
1696	856
1712	850
1687	838
1701	836
1713	833
1707	826
1666	871
1675	861
1662	857
1664	849
1670	843
1500	931
1506	920
1507	897
1513	915
1510	887
1498	887
1515	880
1500	875
1519	868
1507	865
1475	832
1481	854
1491	833
1497	852
1502	833
1504	846
1465	869
1474	904
1475	877
1489	895
1466	896
1479	919
1430	844
1440	843
1454	841
1465	842
1453	859
1454	724
1442	715
1452	709
1443	704
1429	703
1452	902
1447	894
1415	893
1440	884
1455	880
1414	870
1414	864
1424	862
1431	870
1436	856
1442	868
1407	859
1418	852
1422	841
1411	775
1407	765
1424	764
1403	752
1399	740
1452	738
1446	737
1041	981
1050	967
1041	955
1055	942
1078	983
1081	999
1097	970
1107	953
1119	967
1094	1006
1093	988
1159	1011
1147	1001
1134	999
1148	989
1136	981
1154	970
1038	1022
1059	1017
1049	1006
1039	996
1060	989
1149	1044
1123	1032
1136	1028
1131	1015
1090	1035
1109	1014
1083	1051
1055	916
1038	912
1044	898
1033	889
1034	870
1050	869
1131	925
1133	899
1142	889
1129	885
1070	902
1088	897
1108	892
1110	919
1115	904
1091	930
1072	938
1144	952
1122	945
1158	941
1118	932
1133	958
1137	939
1049	1061
1066	1059
1039	1046
1071	1041
1052	1035
1016	1076
1030	1066
1006	1066
1021	1055
1014	1046
1025	1040
1021	1118
1033	1109
1014	1102
1032	1090
995	1107
987	1097
1052	1115
1063	1110
1051	1096
1069	1087
1049	1077
1043	1125
990	1148
995	1131
1007	1149
1014	1134
1027	1135
1018	995
1000	988
1014	979
1000	966
1005	954
1019	939
1013	929
962	893
1011	888
994	884
1006	875
1019	901
1018	908
958	954
973	953
982	939
968	938
975	920
970	904
968	1000
981	998
969	987
985	983
971	971
985	963
1006	1027
1019	1027
1020	1011
1005	1006
980	1046
990	1044
974	1032
980	1019
991	1010
982	1163
962	1155
954	1138
977	1134
984	1114
951	1207
974	1201
953	1192
971	1191
956	1175
982	1182
940	1096
951	1090
972	1082
984	1073
954	1072
941	1126
955	1126
968	1117
930	1115
942	1110
974	1106
945	1168
919	1166
932	1153
935	1137
936	1179
928	1183
1083	857
1067	855
1099	844
1112	836
1122	867
1136	859
1147	853
991	681
1020	672
1000	670
992	656
1017	652
1045	664
1032	684
1000	696
1013	702
984	642
1007	637
965	636
999	623
988	620
812	699
818	713
823	697
836	710
779	777
786	770
797	765
776	762
803	747
743	822
777	821
757	814
771	811
770	799
744	792
768	783
740	783
741	774
760	773
724	760
710	753
739	748
768	741
709	905
712	886
723	899
727	875
736	899
686	904
657	840
665	847
751	832
767	839
678	1059
686	1040
701	1004
706	987
690	988
685	1004
704	971
717	975
724	1007
640	1019
641	1004
649	1025
654	991
657	1039
662	1001
641	975
654	967
632	954
648	954
661	950
631	1087
645	1085
651	1057
645	1044
645	940
627	938
659	931
620	920
603	881
635	887
638	869
650	870
659	864
595	851
595	834
610	836
620	854
627	844
566	938
555	928
567	919
562	906
565	890
553	874
564	877
568	851
573	863
580	877
583	856
583	980
562	979
553	970
564	964
551	961
576	959
599	958
609	963
481	1107
500	1096
485	1082
497	1079
509	1073
548	1110
520	1103
547	1098
540	1089
518	1085
560	1078
494	1200
508	1195
499	1175
493	1130
525	1120
508	1117
509	1236
528	1206
531	1177
545	1206
549	1185
550	1168
543	1154
520	1156
532	1014
547	1009
560	995
560	1006
565	1016
579	1009
584	992
549	1061
526	1057
545	1047
560	1036
530	1027
519	972
525	986
528	946
541	978
547	947
487	988
494	968
504	989
510	1012
501	938
516	938
511	949
448	1011
459	1005
473	976
476	999
487	1055
509	1055
473	1040
506	1030
414	1030
472	1023
412	913
381	905
409	902
391	897
378	975
366	962
384	950
368	946
371	930
418	971
415	960
427	951
401	948
420	939
421	923
425	980
404	985
425	1028
433	1026
425	1012
416	1001
434	999
445	984
379	1046
382	1058
383	997
399	1007
403	1029
404	1046
346	1011
350	1032
361	1011
362	1049
364	1025
326	1006
340	974
344	996
355	965
355	978
364	994
314	927
297	921
314	906
290	900
335	890
313	886
277	884
298	878
323	871
281	871
277	1001
281	983
295	1021
305	997
308	1030
321	969
304	949
324	949
276	940
227	796
210	782
225	782
223	767
293	802
250	799
280	787
302	787
253	768
270	766
340	784
211	845
190	844
230	833
201	823
215	808
198	806
264	846
257	824
285	823
267	805
306	824
333	807
331	828
321	848
302	849
155	1164
147	1150
168	1147
153	1141
140	1133
235	1184
221	1172
205	1159
235	1158
242	1222
255	1218
226	1214
247	1201
234	1200
217	1197
172	1240
185	1217
175	1191
192	1171
172	1169
200	1227
194	1248
181	1261
171	1207
234	1264
256	1261
236	1251
255	1238
235	1278
209	1275
208	1259
212	1236
207	1035
188	1028
189	1013
211	1007
201	995
186	991
138	1072
154	1063
137	1050
156	1036
130	1026
161	1011
210	1080
173	1072
194	1070
185	1051
168	1046
150	1121
167	1114
143	1104
153	1093
180	1093
182	1131
191	1119
203	1099
214	873
236	859
237	874
256	861
205	921
226	915
253	912
234	900
211	898
251	888
239	925
218	983
196	971
223	952
200	950
244	948
266	954
264	972
178	924
163	905
183	894
166	888
179	866
164	975
150	954
176	953
124	936
78	940
95	931
93	906
124	906
134	891
147	919
121	1206
122	1186
133	1197
153	1205
134	1167
110	1164
124	1149
132	1139
59	1210
61	1189
70	1195
94	1231
105	1211
105	1195
45	1205
128	1005
103	997
143	993
115	982
132	968
103	956
97	1055
80	1048
112	1028
92	1026
72	1002
60	1100
75	1097
65	1075
89	1073
22	1052
32	1087
36	1068
48	1052
20	1026
48	1031
58	1019
