1820	735
1834	728
1845	725
1817	719
1830	716
1844	707
1839	696
1831	691
1843	679
1823	671
1849	670
1837	664
1802	648
1786	643
1808	636
1795	631
1771	623
1801	615
1771	613
1779	612
1851	653
1833	650
1857	640
1833	637
1843	632
1813	612
1843	612
1831	608
1813	597
1842	596
1830	588
1786	723
1796	708
1794	692
1779	685
1793	678
1791	664
1829	770
1818	760
1832	751
1809	746
1821	783
1806	785
1801	770
1651	666
1658	657
1667	648
1671	637
1686	754
1690	782
1690	769
1709	799
1716	782
1696	707
1705	716
1694	743
1697	730
1728	803
1730	773
1737	787
1741	767
1746	802
1753	779
1727	753
1666	805
1678	796
1665	786
1652	780
1673	769
1667	745
1695	835
1718	827
1713	815
1727	814
1667	819
1633	840
1645	830
1633	827
1636	817
1649	815
1647	799
1665	868
1637	867
1634	857
1683	856
1690	872
1703	852
1705	866
1716	841
1660	839
1655	1136
1663	1103
1667	1121
1682	1099
1684	1121
1668	1153
1672	1142
1688	1134
1628	1018
1646	1015
1637	1000
1647	992
1638	980
1682	1026
1666	1018
1680	1011
1664	1003
1660	984
1683	975
1699	1030
1700	1012
1697	993
1708	980
1711	966
1700	962
1698	1046
1641	1073
1629	1065
1638	1050
1648	1050
1630	1037
1637	1035
1675	1060
1679	1045
1666	1040
1653	1032
1693	1061
1683	1076
1694	1075
1660	1084
1658	1066
1626	1087
1629	1105
1636	1123
1646	1111
1647	1094
1633	1137
1647	1151
1622	928
1628	917
1640	936
1642	916
1703	944
1715	932
1718	920
1704	915
1653	912
1656	925
1670	921
1679	939
1683	906
1692	923
1677	919
1686	954
1630	968
1650	962
1667	958
1628	951
1661	943
1564	1086
1549	1085
1557	1074
1539	1062
1565	1057
1531	1052
1528	1080
1516	1079
1539	1047
1556	1041
1539	1030
1555	1020
1541	1014
1550	1006
1588	932
1589	905
1601	922
1603	933
1606	909
1615	952
1544	942
1556	938
1570	935
1557	924
1570	1010
1574	1034
1577	1024
1588	1037
1594	1021
1580	1052
1588	1062
1573	1066
1581	1076
1558	1116
1539	1103
1558	1102
1524	1095
1520	1111
1539	1112
1544	677
1560	674
1568	667
1562	660
1536	730
1505	727
1520	712
1520	698
1540	696
1531	686
1562	722
1549	730
1461	739
1457	727
1484	726
1470	725
1494	722
1480	718
1471	739
1486	736
1477	768
1496	766
1492	753
1476	752
1460	756
1447	757
1525	776
1509	772
1534	767
1511	758
1505	745
1521	744
1449	774
1450	788
1463	777
1468	785
1485	781
1501	785
1574	835
1585	834
1590	820
1601	831
1622	827
1563	803
1570	815
1573	793
1589	794
1605	805
1595	843
1613	837
1600	795
1477	818
1448	814
1478	811
1455	801
1476	800
1443	823
1454	828
1463	820
1467	830
1243	599
1261	595
1236	590
1249	588
1242	632
1273	621
1232	618
1249	613
1274	607
1233	655
1223	646
1204	644
1216	638
1197	629
1214	626
1270	670
1261	657
1251	639
1264	636
1203	695
1238	692
1223	684
1238	672
1201	670
1215	662
1272	709
1256	705
1279	702
1266	692
1275	686
1255	683
1256	788
1258	760
1260	773
1441	832
1436	792
1430	806
1433	773
1434	759
1267	745
1245	740
1262	735
1274	732
1261	722
1219	742
1224	753
1225	733
1241	753
1254	748
1196	788
1200	803
1211	799
1230	793
1235	768
1195	722
1212	719
1231	716
1197	710
1209	704
1219	702
1188	753
1192	738
1196	767
1207	746
1215	772
1187	781
1157	444
1149	440
1162	435
1142	432
1170	428
1172	395
1173	413
1149	487
1160	476
1147	474
1157	461
1147	456
1178	507
1172	478
1183	477
1180	463
1169	451
1165	548
1158	527
1159	512
1153	502
1165	493
1156	542
1159	561
1169	571
1209	576
1209	560
1177	552
1170	536
1181	527
1211	519
1089	701
1102	691
1118	686
1081	685
1109	678
1094	675
1066	712
1050	710
1043	693
1060	692
1074	666
1056	661
1112	723
1121	713
1131	708
1138	695
1126	676
1124	666
1088	740
1106	739
1080	722
1094	721
1121	739
1108	752
1074	750
1056	761
1041	756
1054	741
1043	740
1067	735
1050	789
1039	785
1050	774
1065	773
1072	790
1076	822
1078	771
1079	807
1038	836
1047	832
1058	825
1043	815
1059	809
1038	803
1091	788
1098	773
1106	786
1111	772
1092	802
1092	821
1092	830
1089	841
1084	855
1052	879
1044	867
1049	853
1065	850
1072	881
1083	872
733	605
747	620
756	607
768	617
771	634
784	630
798	640
804	624
811	658
817	633
792	660
724	656
733	643
735	667
754	643
756	664
777	682
794	681
762	677
773	662
774	648
788	768
796	779
824	776
833	772
827	786
836	756
857	760
768	720
787	719
798	709
782	702
763	695
782	741
794	751
766	751
755	739
750	761
758	781
761	793
766	764
772	779
781	793
748	717
724	715
744	699
746	684
731	682
722	740
730	770
730	753
738	778
739	788
723	784
784	1020
804	1025
804	1009
806	1044
814	1015
797	1055
782	1050
789	1069
746	914
767	913
750	899
748	883
750	867
787	857
788	873
819	891
823	907
834	911
833	919
754	1002
756	935
762	1018
772	934
774	1003
761	1048
759	1033
771	1068
720	918
723	895
731	908
738	928
738	893
661	875
667	889
685	881
700	876
712	884
762	883
648	928
673	928
684	924
650	915
670	908
651	900
664	855
659	830
660	781
647	838
651	817
653	795
646	769
667	753
683	609
684	627
703	599
705	618
712	609
720	627
676	738
656	733
695	646
714	640
707	681
713	696
636	783
625	778
628	725
608	745
629	737
611	726
619	762
646	727
553	793
607	789
562	789
572	769
573	785
556	775
549	763
596	773
628	869
609	810
628	831
613	854
623	857
646	867
631	809
624	792
609	902
632	902
634	922
612	871
625	930
643	886
621	892
620	913
607	916
598	900
598	887
580	848
595	863
596	847
551	856
548	844
586	834
607	832
568	827
546	825
559	805
591	815
592	804
571	803
526	716
501	702
516	702
535	702
496	789
522	735
498	738
507	754
505	779
498	770
515	719
499	717
510	857
531	851
511	814
499	842
514	840
509	827
540	813
528	800
440	742
461	729
471	710
484	705
479	726
437	705
446	723
454	708
493	782
440	774
483	749
480	768
454	745
463	771
435	762
471	744
436	833
452	826
446	841
428	826
458	784
463	803
434	809
441	795
298	726
266	718
318	718
257	708
310	708
293	706
273	701
336	699
286	757
272	753
302	752
262	747
288	742
310	741
256	732
309	729
426	789
267	793
285	791
279	809
257	779
294	773
255	763
304	763
446	631
398	628
453	616
472	628
448	664
529	655
485	651
446	645
473	645
431	643
517	643
523	634
460	686
478	690
502	688
455	693
449	678
488	670
541	670
465	666
333	605
353	604
364	593
318	598
384	603
312	590
346	587
332	583
357	645
332	621
317	627
353	626
338	643
336	631
372	616
314	614
317	653
312	691
334	679
370	648
345	658
348	694
333	663
383	646
288	615
271	606
300	600
252	605
259	601
261	584
289	581
303	580
253	660
260	646
277	641
293	648
309	638
302	621
289	633
273	620
311	681
256	698
277	675
259	682
283	692
287	670
300	666
265	662
