1755	892
1751	872
1765	845
1757	822
1772	806
1753	795
1841	892
1900	880
1846	859
1894	837
1871	836
1880	951
1906	950
1893	926
1859	917
1925	915
1737	992
1739	1013
1770	944
1772	1008
1773	963
1672	602
1674	662
1676	633
1685	581
1693	641
1699	614
1581	667
1597	648
1576	639
1612	629
1623	664
1639	596
1643	642
1645	621
1644	676
1634	721
1588	715
1629	707
1651	707
1609	698
1662	685
1684	705
1674	727
1744	679
1708	664
1738	650
1723	633
1799	712
1764	703
1776	690
1793	676
1762	667
1768	659
1783	781
1801	753
1776	733
1751	731
1792	833
1817	819
1848	809
1831	793
1729	807
1702	803
1739	771
1702	753
1713	730
1733	710
1706	827
1742	835
1857	1205
1859	1176
1867	1140
2042	1197
2040	1229
2027	1251
1803	1028
1854	1018
1818	1001
1843	993
1790	988
1803	968
1789	1104
1787	1084
1752	1083
1780	1050
1730	1037
1768	1035
1817	1121
1854	1111
1815	1100
1832	1069
1860	1059
1830	1042
1887	1034
1908	1032
1900	1010
1922	1000
1893	972
1877	1091
1898	1110
1889	1159
1719	1162
1744	1152
1724	1129
1758	1123
1707	1149
1728	1187
1750	1181
1771	1145
1773	1190
1783	1171
1799	1140
1822	1190
1834	1161
1690	780
1647	777
1672	768
1654	750
1621	804
1587	790
1615	776
1583	762
1629	753
1602	746
1652	832
1674	813
1647	801
1667	794
1593	853
1621	840
1571	839
1591	823
1592	878
1620	876
1637	856
1643	883
1637	994
1652	1057
1659	1002
1668	973
1693	1028
1700	1077
1701	1101
1712	1055
1718	1013
1723	1089
1575	462
1601	456
1635	452
1652	441
1671	452
1701	494
1730	486
1695	475
1711	457
1719	444
1692	443
1585	517
1618	497
1586	491
1631	476
1620	559
1595	554
1668	537
1637	534
1607	531
1697	553
1686	517
1706	515
1730	514
1716	569
1743	567
1720	540
1665	567
1567	577
1569	607
1592	609
1610	586
1477	460
1492	473
1517	461
1535	493
1543	472
1563	491
1527	427
1481	426
1507	425
1440	415
1568	430
1594	429
1430	493
1432	516
1446	447
1449	478
1384	321
1328	300
1362	299
1344	286
1387	285
1406	325
1412	299
1417	267
1421	349
1425	319
1438	286
1403	391
1336	378
1371	371
1403	364
1347	348
1473	396
1435	392
1454	381
1443	364
1471	350
1485	321
1506	384
1506	350
1531	349
1542	379
1566	381
1577	401
1414	550
1388	537
1404	520
1365	517
1387	461
1354	455
1353	426
1407	426
1380	421
1362	400
1346	485
1376	488
1406	486
1417	445
1313	421
1323	439
1325	403
1329	463
1331	503
1307	516
1311	492
1337	535
1318	277
1256	265
1302	255
1321	252
1271	228
1312	224
1341	244
1356	260
1370	271
1242	296
1243	324
1276	334
1278	314
1292	284
1302	324
1307	357
1175	310
1210	307
1186	285
1217	285
1165	272
1175	264
1189	257
1213	257
1163	247
1181	241
1221	146
1256	135
1245	118
1224	118
1152	161
1163	181
1163	129
1169	155
1191	143
1283	196
1282	172
1250	163
1292	153
1238	233
1214	227
1192	217
1212	201
1239	199
1214	170
1082	307
1114	296
1088	288
1143	273
1120	262
1078	259
1146	299
1031	334
1050	329
1021	322
1040	315
1022	299
1045	267
1121	363
1100	361
1135	347
1121	339
1094	332
1108	317
1145	323
1050	389
1029	379
1070	364
1043	352
1070	340
1027	425
1050	419
1069	407
1028	399
1063	478
1030	477
1030	458
1072	455
1091	422
1098	402
1088	388
1112	379
1105	436
1094	467
1105	482
1096	506
1018	541
1004	521
1018	507
1015	491
1052	564
1076	552
1041	547
1049	525
1076	521
1043	500
1112	176
1118	195
1128	171
1131	223
1147	201
1046	237
1065	222
1051	202
1066	189
1029	187
1083	228
1085	193
1091	204
1102	241
1105	218
962	241
975	220
1016	267
1029	218
973	251
1103	893
1140	876
1114	871
1138	857
1089	842
1207	903
1191	893
1188	882
1201	878
1198	858
1223	882
1053	1025
1062	1006
1067	856
1069	837
1142	1030
1198	1024
1164	1000
1187	995
1149	987
1083	1012
1083	1033
1088	1056
1109	1007
1116	1035
1094	727
1044	719
1092	699
1042	698
1024	692
1060	691
1155	766
1128	749
1168	743
1150	741
1120	721
1148	715
1082	810
1082	788
1059	778
1073	750
1061	730
1073	727
1108	822
1106	802
1138	792
1131	778
1100	772
1182	828
1148	827
1161	822
1180	795
1198	783
936	620
981	617
925	613
982	588
938	581
984	552
994	611
996	574
1003	591
1023	568
1025	595
1009	625
1030	624
911	689
975	686
924	669
906	655
926	644
989	661
991	638
903	737
921	728
963	725
899	712
972	707
1448	658
1463	713
1465	653
1472	688
1445	621
1418	611
1395	596
1419	580
1391	678
1399	633
1406	702
1408	668
1426	649
1427	689
1335	567
1342	614
1363	590
1367	635
1384	570
1385	656
1361	662
1154	670
1183	665
1198	661
1214	658
1226	646
1198	628
1144	609
1153	596
1173	609
1213	609
1117	692
1137	677
1123	661
1129	637
1054	585
1072	602
1082	581
1087	623
1105	614
1088	672
1052	664
1073	661
1098	641
1063	632
898	1243
926	1235
883	1226
905	1226
947	1208
952	1230
969	1198
978	1224
994	1201
868	1115
894	1118
897	1092
917	1109
923	1094
942	1139
973	1132
979	1115
943	1110
947	1091
940	1079
904	1165
877	1163
872	1146
908	1137
880	1128
977	1170
994	1164
982	1149
999	1148
948	1164
927	1159
927	1189
945	1188
870	1183
885	1207
899	1194
907	1181
922	1209
935	1293
910	1283
929	1281
888	1268
901	1263
915	1258
952	1278
938	1264
954	1248
1124	1214
1128	1181
1144	1226
1154	1186
1169	1181
1182	1078
1200	1070
1151	1064
1227	1057
1193	1048
1160	1043
1143	1108
1164	1105
1117	1103
1088	1096
1134	1087
1110	1079
1034	1105
1037	1056
1039	1129
1054	1082
1060	1118
1067	1059
1124	1154
1091	1143
1139	1137
1092	1116
1164	1155
1074	1190
1085	1174
1092	1215
1101	1189
1103	1260
1253	753
1287	745
1260	730
1156	696
1216	823
1237	810
1251	789
1234	763
1303	828
1271	812
1294	801
1282	777
1300	773
1263	898
1289	887
1276	875
1299	857
1277	851
1221	920
1237	912
1250	875
1227	856
1253	849
1401	1056
1383	1054
1409	1034
1397	1031
1438	1028
1373	1023
1438	948
1446	962
1469	926
1471	955
1416	958
1388	948
1425	926
1388	925
1399	907
1433	907
1381	1130
1382	1107
1384	1081
1363	1077
1400	1125
1386	1154
1384	1177
1369	900
1415	898
1480	898
1447	886
1393	876
1422	875
1380	998
1351	994
1441	990
1409	989
1354	1106
1302	1103
1319	1089
1342	1076
1298	1071
1358	1049
1301	1047
1326	1039
1293	1027
1332	1174
1359	1171
1325	1155
1338	1134
1306	1128
1308	1159
1346	1189
1369	1206
1341	1023
1314	1014
1287	1012
1325	992
1297	974
1339	964
1284	903
1287	932
1319	900
1323	942
1345	905
1359	938
1242	1017
1245	1037
1259	1010
1274	1046
1274	1027
1279	993
1252	987
1233	981
1244	968
1265	967
1257	940
817	869
835	899
847	876
855	894
790	922
807	909
789	908
797	897
784	882
788	864
838	948
840	923
855	961
858	946
858	921
866	931
799	945
808	964
815	932
817	951
827	965
798	953
752	634
774	630
751	619
794	616
694	629
711	641
732	679
738	658
755	706
759	690
787	685
797	664
782	660
770	650
799	797
812	788
796	768
809	764
773	710
805	844
787	842
771	835
769	821
802	812
781	811
828	810
830	773
847	819
854	798
863	769
837	852
854	845
845	832
734	567
736	522
748	543
756	526
761	569
770	552
735	589
772	597
776	581
694	471
697	511
707	520
707	490
719	510
731	497
702	614
694	603
699	589
708	574
691	571
722	542
715	594
729	603
656	499
665	525
672	556
672	495
677	506
686	539
648	569
652	588
667	594
617	546
645	545
606	520
638	508
605	473
619	458
635	475
659	485
666	458
676	480
598	629
601	597
629	596
616	575
641	625
668	622
552	656
578	646
548	639
565	623
547	620
619	702
620	678
604	662
639	656
654	647
624	640
582	602
557	600
550	582
576	576
545	729
568	720
536	709
547	686
573	678
574	744
598	725
599	697
540	466
541	491
561	483
580	494
583	464
579	518
590	533
564	548
594	558
556	441
528	430
580	424
554	418
629	419
650	425
646	443
603	437
267	1017
275	991
283	1022
308	990
315	1020
325	991
197	1006
200	1029
223	1006
251	999
224	1033
257	1039
209	1046
235	1052
258	983
237	975
215	964
252	959
229	953
308	962
185	904
192	928
212	939
224	897
258	938
146	935
146	903
151	918
161	904
168	933
145	1031
167	1008
167	1023
178	1035
212	883
194	875
160	863
201	850
161	882
143	869
140	984
158	963
168	984
177	953
195	976
205	194
209	172
236	171
267	187
250	207
239	227
216	212
187	221
170	277
161	252
190	247
170	234
147	233
214	247
206	272
226	269
201	295
146	203
173	203
174	182
144	180
157	159
176	140
150	527
172	524
138	504
131	480
124	594
154	594
138	570
166	566
128	553
154	550
88	761
113	748
91	735
103	710
126	714
68	762
73	743
62	724
71	699
68	675
77	783
95	801
167	835
154	831
151	815
170	813
163	792
144	786
125	835
98	827
122	812
118	782
116	901
104	898
86	897
117	879
99	873
119	857
77	956
85	976
106	964
120	963
125	978
132	956
101	998
134	1009
113	1006
109	943
57	938
73	923
103	921
123	920
43	973
54	953
62	973
65	994
49	1000
80	1005
56	636
65	615
67	594
56	565
66	545
88	641
113	622
123	644
137	618
157	669
177	669
142	660
166	651
183	650
161	634
203	661
222	661
95	667
96	687
123	671
131	694
151	696
166	686
18	707
28	690
26	640
34	629
194	683
235	707
267	691
267	670
220	733
230	752
234	741
95	544
112	521
82	515
101	491
82	470
111	454
101	600
86	585
112	574
76	563
46	540
60	521
31	511
49	496
67	493
45	479
30	586
6	564
32	560
17	557
31	536
12	534
8	519
5	506
13	476
13	460
14	626
