1822	576
1791	576
1771	560
1820	560
1791	550
1843	587
1793	637
1815	623
1784	615
1747	611
1805	602
1774	594
1839	609
1856	605
1851	626
1804	674
1825	671
1788	660
1807	656
1840	655
1828	645
1826	707
1803	703
1819	692
1793	687
1834	687
1842	721
1848	695
1857	736
1866	713
1867	699
1874	752
1816	763
1815	747
1827	741
1813	725
1606	757
1611	775
1627	784
1800	754
1507	396
1522	377
1507	365
1526	355
1515	345
1565	446
1527	443
1517	428
1565	413
1525	407
1543	407
1623	446
1549	486
1565	479
1519	461
1551	459
1581	456
1476	554
1504	546
1486	511
1494	492
1497	479
1507	443
1534	590
1526	559
1531	541
1513	521
1534	521
1524	499
1496	620
1467	617
1474	608
1454	596
1479	589
1465	576
1552	623
1551	601
1570	592
1551	563
1552	545
1564	528
1572	674
1572	661
1594	660
1549	640
1578	633
1528	709
1530	693
1527	673
1519	638
1554	769
1564	759
1548	735
1569	732
1561	716
1550	691
1589	766
1574	779
1514	792
1519	767
1528	753
1519	734
1536	727
1536	809
1559	802
1552	788
1550	783
1616	843
1626	839
1598	828
1614	813
1591	808
1619	800
1544	843
1561	842
1582	840
1551	827
1580	824
1568	817
1634	812
1639	828
1643	856
1654	828
1647	795
1591	868
1602	899
1618	861
1622	904
1634	878
1642	894
1543	869
1552	908
1561	891
1567	878
1571	869
1581	882
1680	898
1685	911
1694	883
1700	908
1713	878
1722	898
1711	859
1677	858
1562	971
1569	959
1576	938
1545	937
1551	929
1566	925
1599	973
1624	969
1614	952
1628	929
1597	942
1591	919
1565	1048
1576	1034
1576	1017
1559	1005
1572	989
1601	1058
1611	1039
1593	1035
1619	1022
1621	1004
1592	995
1571	1088
1598	1085
1382	1073
1571	1061
1384	1051
1394	1024
1373	1014
1395	1004
1380	992
1327	1103
1327	1084
1347	1117
1352	1138
1359	1081
1378	1127
1320	1066
1323	1049
1330	1035
1348	1023
1352	1055
1312	1036
1320	1006
1331	991
1351	999
1349	968
1328	968
1310	957
1304	979
1367	964
1383	964
1340	943
1389	939
1319	943
1299	933
1377	725
1390	723
1365	698
1369	678
1382	654
1368	623
1350	787
1360	779
1361	771
1350	757
1352	679
1296	725
1300	755
1304	700
1319	717
1330	741
1336	718
1335	653
1249	783
1268	757
1269	738
1284	745
1389	831
1391	808
1407	814
1425	819
1324	845
1298	841
1333	829
1311	818
1302	786
1326	782
1370	851
1356	832
1370	819
1345	807
1371	794
1322	898
1314	885
1321	862
1355	860
1389	872
1412	876
1421	853
1398	891
1328	920
1344	895
1355	908
1376	923
1378	899
1395	913
1150	702
1155	682
1167	691
1168	710
1181	687
1151	759
1151	734
1176	739
1202	694
1221	690
1229	700
1232	726
1202	740
1217	737
1189	728
1193	712
1139	579
1114	574
1102	563
1121	554
1211	668
1200	654
1178	633
1206	631
1216	619
1180	618
1196	615
1208	600
1181	591
1224	590
1106	684
1107	739
1124	741
1126	716
1132	690
1203	573
1170	561
1189	551
1204	551
1209	542
1121	497
1121	522
1126	481
1144	485
1144	509
1161	497
1177	491
1137	537
1107	540
1124	668
1148	645
1122	638
1146	623
1158	606
1135	600
1120	652
1154	662
1141	667
1256	947
1279	947
1284	929
1288	905
1260	894
1259	917
1271	927
1276	866
1249	856
1290	1053
1268	1038
1258	1023
1280	1016
1272	1008
1258	1003
1276	991
1291	990
1254	982
1274	970
1257	962
1133	992
1128	973
1150	940
1132	934
1147	926
1132	909
1152	899
1124	897
1143	863
1128	858
1086	871
1089	898
1097	913
1104	875
1116	919
1116	942
1103	948
1104	964
1106	774
1044	770
1121	770
1073	763
1060	748
1081	842
1072	834
1084	814
1042	800
1061	788
1081	780
1144	844
1114	840
1132	832
1134	819
1114	818
1126	802
1156	825
1165	786
1172	765
1174	807
1177	781
1160	855
1073	608
1074	587
1094	625
1099	593
1114	599
1071	627
1068	522
1069	466
1083	535
1090	493
1093	461
1095	512
1035	511
1036	493
1039	528
1055	513
1055	486
994	576
1018	584
1018	556
1040	562
1055	573
1075	557
976	548
996	548
1001	530
1018	529
994	842
1013	834
1018	858
1031	820
1040	848
1046	872
986	746
991	806
998	768
1025	780
1026	740
972	932
1001	920
993	893
1024	885
999	880
973	863
941	800
958	787
965	816
971	770
974	805
1012	618
1029	608
1038	590
1040	612
1048	633
1086	553
978	593
981	612
992	639
995	599
927	652
941	628
952	608
964	631
958	550
994	674
1042	669
1059	663
1019	648
972	667
1068	645
1093	643
1079	679
1035	720
1050	720
1003	718
1025	711
1008	691
1039	688
1061	702
1071	719
1083	736
944	718
952	732
956	688
958	750
966	704
975	723
905	399
946	393
930	384
940	364
912	356
933	347
860	348
886	347
884	323
869	304
872	287
882	278
925	451
916	434
937	428
926	406
905	452
908	322
927	318
897	303
912	302
897	283
888	417
887	391
873	389
884	367
892	438
836	309
842	282
852	299
857	324
862	278
885	677
889	700
904	686
927	715
934	675
939	700
872	632
874	619
875	646
884	631
900	620
902	649
874	756
840	750
874	731
847	723
893	746
900	721
929	756
919	782
916	741
826	682
836	661
839	699
843	677
858	701
864	687
814	598
828	588
852	590
869	593
809	373
833	370
821	364
806	351
831	348
806	302
808	320
812	290
824	292
783	522
806	503
786	500
808	474
787	457
751	512
749	486
763	455
752	411
757	399
750	384
747	366
759	347
761	370
773	359
784	345
788	383
787	305
772	315
783	328
817	444
802	438
779	435
791	416
811	411
775	404
744	429
804	534
813	555
828	528
846	556
849	533
867	555
853	574
777	593
801	578
782	562
800	550
765	644
756	630
769	622
769	574
827	649
794	640
833	629
810	622
787	614
858	637
858	618
838	608
856	662
752	720
739	698
742	680
762	668
741	659
772	728
801	687
778	679
807	664
818	705
802	726
829	730
801	741
701	677
702	687
708	733
716	676
723	656
730	717
684	587
685	622
691	660
699	571
698	639
660	621
648	601
662	566
654	557
657	684
634	682
644	679
665	663
665	640
635	625
768	757
784	776
805	763
811	782
836	770
824	769
695	755
724	747
739	764
745	738
754	772
755	747
693	796
781	794
714	792
729	785
642	725
691	713
652	708
677	705
708	702
763	695
787	703
629	788
657	788
672	824
673	798
680	808
693	810
667	770
615	765
650	764
671	751
629	743
648	741
576	823
594	811
616	821
643	830
647	810
604	882
611	871
607	865
593	855
613	839
595	835
544	885
561	883
564	856
584	885
550	817
541	828
588	936
557	918
576	910
596	909
552	999
540	992
567	975
582	963
532	959
549	959
610	719
610	698
629	720
631	706
570	622
545	613
560	607
564	598
542	598
553	669
563	660
540	655
559	645
584	644
509	715
509	698
537	707
549	706
552	718
555	687
506	674
510	663
519	640
521	616
530	626
534	682
484	755
496	754
465	752
456	744
607	745
578	746
520	744
560	762
562	784
578	727
586	786
594	758
536	801
535	780
541	762
526	726
480	780
491	800
502	789
507	780
518	769
467	833
442	820
461	809
439	796
457	791
444	778
439	905
446	889
439	873
444	847
426	912
425	892
420	872
422	852
424	832
425	811
426	784
415	766
430	753
418	748
408	922
405	905
406	883
401	870
399	851
402	831
406	786
401	769
392	762
376	751
409	824
381	816
403	809
373	806
385	734
405	726
371	721
391	710
456	729
348	796
357	780
353	766
370	766
332	764
381	781
338	746
365	744
350	733
325	732
340	726
214	548
216	570
232	542
250	561
271	560
231	580
212	603
355	717
350	703
370	698
201	634
170	588
166	578
187	568
163	566
172	547
197	543
157	619
161	599
167	646
181	597
184	635
193	614
194	474
209	481
211	468
221	483
126	427
128	451
150	465
165	484
175	463
182	436
194	507
210	501
232	508
245	502
183	493
168	505
144	501
257	513
128	518
147	536
180	522
227	525
243	523
151	517
208	524
270	525
256	538
81	561
113	566
115	553
127	570
144	560
41	527
63	529
82	539
101	531
123	543
38	548
46	579
48	567
60	551
60	577
31	490
40	510
52	498
61	511
105	506
118	484
4	518
17	526
24	547
26	507
9	548
18	569
9	584
4	598
