1961	1065
1966	1039
1977	1082
1981	1057
1998	1047
1979	1017
1944	1009
1970	1001
1916	993
1984	990
1933	981
1963	978
1947	960
1977	960
1962	948
1997	1007
1998	967
2011	1022
2019	971
2032	1019
2043	976
2021	1066
2001	1070
1894	1057
1901	1081
1916	1056
1937	1078
1940	1042
1887	1102
1919	1107
1932	1121
1950	1105
2023	938
2001	934
1964	928
1981	907
1948	907
2008	905
1941	938
1979	941
1964	890
1987	874
1953	872
1939	865
1918	941
1893	930
1922	922
1895	910
1926	884
1898	882
1926	955
1879	978
1882	954
1900	945
1903	967
1899	1003
1866	1009
1881	1032
1909	1034
1923	1014
1717	958
1744	937
1702	922
1726	915
1752	906
1748	966
1700	939
1690	848
1737	846
1707	844
1754	830
1689	871
1709	880
1735	888
1762	888
1766	861
1655	918
1659	888
1676	905
1676	943
1475	1118
1496	1108
1446	1106
1465	1106
1498	906
1542	902
1564	891
1497	888
1535	868
1478	987
1461	973
1482	915
1472	898
1517	967
1498	953
1509	953
1548	939
1514	924
1517	994
1446	1184
1459	1168
1476	1154
1491	1134
1468	1131
1447	1128
1436	1140
1427	1113
1421	980
1437	968
1441	953
1433	1171
1418	1160
1487	822
1489	855
1509	802
1512	823
1514	853
1532	840
1492	789
1464	781
1497	766
1470	758
1489	752
1466	873
1452	861
1452	850
1459	836
1462	806
1424	821
1443	821
1424	808
1421	792
1434	771
1366	783
1382	763
1386	750
1394	773
1405	771
1512	655
1535	654
1484	646
1512	619
1501	618
1484	619
1469	624
1489	598
1362	673
1384	670
1358	656
1391	655
1368	636
1391	636
1406	675
1420	651
1441	676
1449	645
1443	624
1421	621
1417	591
1393	597
1451	600
1485	731
1492	711
1472	698
1508	682
1480	680
1466	664
1357	744
1364	727
1386	723
1405	743
1430	746
1451	744
1433	721
1458	718
1446	695
1419	694
2045	640
2023	630
2036	614
2011	608
2040	589
2006	574
2021	575
1957	636
1986	625
1958	604
1988	602
2016	746
2009	701
2036	681
2015	652
2040	736
2033	705
2045	690
2042	538
2031	521
2043	521
2040	506
2045	493
2038	478
1970	706
1993	697
1968	685
1982	672
1963	658
1991	652
1993	717
1476	547
1476	525
1490	564
2011	534
2015	550
2023	563
1409	559
1414	532
1434	541
1437	520
1456	533
1461	574
1352	595
1354	618
1364	569
1372	614
1388	558
1394	575
1326	806
1333	830
1337	845
1341	867
1317	870
1311	766
1318	782
1328	745
1330	772
1347	761
1293	710
1284	707
1305	700
1304	688
1322	681
1351	713
1393	699
1373	702
1275	828
1280	871
1295	845
1299	861
1303	823
1306	795
1263	743
1278	727
1291	748
1295	734
1305	727
1355	928
1363	908
1376	899
1363	887
1374	881
1372	861
1377	831
1351	828
1396	811
1363	809
1388	842
1286	914
1293	882
1307	903
1314	924
1332	925
1337	900
1276	959
1238	953
1257	951
1237	934
1279	939
1296	937
1332	947
1317	942
1211	901
1221	921
1230	893
1237	908
1264	891
1266	908
1194	889
1206	885
1221	874
1264	872
1238	863
1264	851
1258	707
1222	703
1271	700
1252	693
1203	749
1225	746
1239	739
1221	732
1212	792
1227	778
1193	762
1216	761
1256	777
1257	763
1246	785
1182	831
1231	820
1188	817
1198	806
1185	797
1253	797
1114	653
1124	692
1132	673
1135	634
1107	788
1130	778
1147	759
1105	758
1150	726
1109	711
1175	773
1166	777
1077	942
1045	937
1103	926
1060	912
1082	894
1041	891
1142	984
1129	982
1143	953
1152	925
1135	917
1082	998
1056	993
1107	981
1068	967
1049	961
1075	1070
1107	1043
1073	1040
1103	1024
1070	1022
1096	1089
1097	1057
1131	1096
1137	1063
1153	1045
1152	1014
1125	1004
1153	1086
1121	1038
1113	837
1147	823
1161	811
1131	802
1152	790
1171	805
1169	843
1155	854
1106	891
1124	895
1126	872
1147	895
1159	876
1165	885
1065	873
1063	849
1076	830
1037	829
1057	801
1080	793
1096	854
1048	862
1038	874
1027	847
1016	815
1035	806
1009	798
1044	652
1063	669
1075	640
1082	691
1090	654
1064	759
1086	735
1042	724
1067	720
1018	768
998	761
1021	741
1003	730
1007	708
1027	704
781	618
790	587
794	607
1036	679
778	788
793	776
786	755
799	743
768	735
767	761
768	851
787	845
777	826
790	816
773	808
790	728
797	709
756	703
768	684
798	681
770	657
787	656
749	652
794	630
763	628
731	763
735	742
746	730
750	776
753	802
735	792
738	806
758	829
741	856
706	626
744	624
726	613
697	610
705	702
685	682
732	682
706	663
729	645
687	640
740	662
746	685
736	715
723	584
719	567
699	560
711	531
684	523
726	513
747	556
712	681
681	593
708	589
740	599
746	572
759	594
770	575
682	499
714	495
684	482
678	462
701	457
639	501
661	501
647	477
639	462
656	637
641	620
654	604
642	583
654	565
637	555
664	663
661	686
667	353
642	349
641	329
672	328
662	384
637	378
684	369
624	368
714	435
711	417
690	413
693	397
706	386
711	372
652	439
627	436
624	422
645	411
669	408
631	397
727	394
740	422
743	402
759	423
760	446
739	443
720	453
744	458
738	473
600	711
582	707
593	687
571	684
581	672
585	640
578	776
564	766
545	757
576	743
548	737
564	722
545	705
544	680
565	636
560	618
567	662
540	648
518	646
490	633
535	625
515	621
498	605
522	608
528	693
489	683
522	675
501	660
509	757
488	742
506	734
526	719
487	709
506	706
498	809
499	777
507	792
523	805
525	791
532	775
563	809
545	809
586	808
565	794
548	792
587	790
496	842
473	837
517	834
506	822
558	834
496	878
511	869
475	867
460	862
508	856
436	639
461	628
401	625
424	623
469	593
452	605
449	755
456	729
465	711
471	735
478	758
446	806
440	789
472	783
449	773
453	689
404	686
437	675
426	668
459	659
411	656
399	751
405	771
426	785
433	766
432	730
406	712
437	706
469	566
505	574
508	556
515	596
489	540
462	528
437	527
513	527
477	517
444	514
425	563
428	573
433	593
442	610
443	553
452	578
272	485
338	482
304	468
276	465
326	451
297	545
331	545
313	526
338	512
292	502
382	550
350	550
373	544
359	533
362	500
356	574
362	603
388	565
392	603
406	562
407	587
281	614
289	610
331	609
300	602
328	577
280	576
391	675
366	666
390	656
382	640
372	623
361	695
365	723
381	693
383	732
392	730
309	653
311	626
326	661
343	649
313	713
328	743
305	761
274	757
289	730
267	725
260	705
282	704
292	675
244	672
252	660
260	634
245	623
327	865
344	887
350	860
360	880
361	897
460	891
364	849
350	842
341	824
368	809
432	840
260	903
261	882
286	880
307	884
371	787
351	780
368	769
378	760
368	751
359	740
395	786
409	796
331	953
310	952
301	937
336	929
296	921
357	917
272	920
251	922
226	936
238	800
240	766
248	777
255	801
257	831
246	820
235	842
247	858
211	843
223	832
229	814
207	811
223	791
228	779
272	812
275	777
288	799
288	818
293	783
313	815
274	844
299	861
299	842
198	864
215	888
220	872
234	884
233	902
146	739
150	722
134	711
132	693
144	676
140	656
87	749
113	742
68	741
81	717
110	716
65	709
87	824
84	781
116	773
100	761
95	855
127	795
160	842
158	821
163	771
139	769
155	866
89	539
104	525
113	500
121	551
122	513
137	583
87	575
107	573
153	564
245	593
104	650
80	644
121	629
87	621
140	613
89	602
43	528
44	561
56	510
60	544
66	526
68	578
65	593
59	644
