2040	797
2026	792
2039	777
2023	769
2023	880
2034	860
2024	848
2041	838
2021	828
2028	815
2043	891
2044	910
2013	751
2026	737
2002	725
2044	717
2006	704
2021	700
2043	693
1996	684
2039	680
2013	677
1995	658
2009	651
1943	638
1949	618
1963	655
1969	633
1981	615
1959	614
1938	608
1999	608
1958	601
1983	590
2007	596
2014	611
2009	625
1927	728
1930	751
1953	728
1973	757
1973	732
1940	703
1967	703
1966	676
1938	670
1883	660
1896	649
1906	666
1909	631
1918	648
1888	751
1902	738
1880	726
1891	713
1881	702
1917	702
1866	691
1892	688
1915	683
1873	676
1905	798
1926	781
1899	773
1953	773
1973	779
1984	854
1967	852
1983	832
1963	821
1981	816
1964	806
1948	871
1926	848
1901	844
1942	831
1901	821
1925	810
1917	899
1988	896
1945	887
1919	879
1989	876
1973	871
1964	955
1941	937
1966	931
1981	914
1954	909
1984	944
1985	958
1986	933
2002	969
2011	949
2026	966
1928	1020
1910	1008
1931	1004
1914	994
1917	977
1930	980
1936	981
1924	951
1921	918
1956	1001
1968	1017
1979	995
1999	1024
1999	992
1973	976
1950	983
2006	1040
2024	1024
2014	1005
2032	997
2018	984
1906	1046
1916	1040
1900	1025
1913	1022
1891	1022
1910	1058
1939	1069
1944	1059
1964	1057
1951	1046
1971	1039
1947	1027
1725	974
1750	969
1728	947
1777	945
1724	918
1761	918
1787	909
1716	890
1757	886
1740	884
1690	1034
1671	1010
1713	1008
1694	1002
1710	984
1684	976
1666	1037
1664	998
1646	984
1712	853
1676	851
1638	849
1692	839
1637	831
1677	830
1737	858
1642	894
1659	927
1678	884
1681	915
1701	938
1635	925
1665	949
1694	962
1618	1055
1627	1021
1647	1037
1649	1022
1653	1063
1676	1054
1547	1144
1560	1117
1554	1083
1580	1052
1543	1038
1590	1029
1635	1112
1655	1108
1634	1092
1679	1090
1656	1083
1596	1079
1610	1191
1610	1158
1631	1130
1632	1160
1639	1143
1597	1119
1569	1237
1544	1228
1574	1207
1553	1181
1584	1174
1498	1205
1505	1171
1521	1244
1521	1159
1523	1195
1523	1142
1531	1119
1529	1092
1560	943
1569	1001
1571	977
1594	1002
1602	971
1611	940
1586	950
1521	930
1581	924
1542	917
1496	917
1578	864
1584	836
1601	891
1608	813
1610	866
1515	866
1535	897
1538	831
1549	878
1550	848
1560	823
1520	952
1534	980
1548	963
1550	1007
1524	1015
1457	790
1461	813
1463	830
1481	806
1499	818
1503	835
1379	867
1391	855
1349	849
1373	835
1391	816
1374	813
1391	759
1385	725
1367	691
1385	685
1396	667
1364	665
1412	899
1450	890
1483	887
1413	874
1479	854
1470	923
1443	924
1406	928
1487	952
1269	669
1299	665
1311	690
1328	684
1391	958
1394	1001
1394	977
1397	1017
1374	1019
1359	1041
1386	1037
1370	1064
1339	1052
1311	1006
1315	958
1319	987
1338	980
1339	1004
1362	992
1312	1049
1332	1080
1272	834
1281	836
1306	864
1323	847
1334	877
1334	856
1357	931
1313	915
1337	911
1300	902
1352	892
1348	959
1373	914
1386	898
1386	927
1274	989
1278	964
1288	939
1295	959
1297	983
1416	417
1428	373
1437	408
1463	407
1468	391
1491	392
1470	366
1447	350
1436	699
1408	690
1440	675
1408	649
1455	630
1409	615
1445	609
1395	589
1427	583
1356	405
1363	373
1377	421
1381	358
1384	386
1343	550
1353	518
1371	554
1378	519
1388	535
1418	556
1332	577
1353	587
1372	613
1376	640
1263	904
1241	903
1257	884
1245	865
1269	863
1257	827
1227	837
1171	928
1198	908
1180	907
1185	878
1208	856
1167	849
1187	987
1223	985
1174	969
1194	954
1252	1005
1247	979
1234	954
1248	940
1232	929
1227	1065
1186	1050
1211	1043
1195	1020
1227	1018
1287	517
1312	513
1326	533
1335	499
1227	560
1240	529
1276	569
1277	539
1214	615
1221	583
1254	613
1301	583
1321	588
1328	605
1215	706
1240	697
1214	685
1225	671
1239	654
1277	640
1305	619
1329	625
1331	648
1171	682
1142	679
1146	657
1179	654
1159	639
1162	627
1179	619
1194	587
1175	584
1397	789
1418	802
1422	779
1432	833
1405	843
1332	753
1343	781
1350	713
1358	767
1359	739
1361	789
1291	766
1249	736
1316	714
1274	712
1194	829
1174	815
1193	800
1244	795
1206	790
1166	785
1280	798
1142	762
1169	759
1191	761
1226	765
1152	739
1136	730
1172	729
1191	712
1131	703
1152	701
1138	922
1170	900
1130	895
1138	868
1163	875
1128	985
1148	981
1122	969
1150	961
1126	950
1151	945
1090	956
1101	945
1106	975
1116	924
1099	913
1109	894
1113	878
1069	1112
1040	1111
1044	1088
1172	1014
1043	1215
1045	1183
1057	1161
1037	1159
1056	1138
1075	1135
983	1159
991	1200
1007	1172
1013	1153
1015	1125
1021	1206
1016	1093
990	1090
1035	1252
983	1244
1007	1237
969	1225
996	1221
1012	1313
986	1294
1011	1290
1034	1274
967	1267
996	1264
952	1223
954	1205
960	1185
951	1168
942	1148
972	1141
989	1114
967	1081
1042	610
1048	592
1041	578
1042	570
1029	558
1021	545
1000	560
1012	575
993	580
1070	670
1021	666
1042	649
1083	648
1068	641
1023	635
1052	759
1041	740
1056	730
1043	718
1052	702
1061	686
1031	696
1046	676
957	692
978	690
981	669
963	643
957	669
971	623
1001	625
1004	606
992	593
975	760
995	746
967	738
980	721
968	721
996	709
1001	839
987	828
991	809
974	791
999	789
1017	859
1036	845
1038	824
1020	822
1025	799
1018	780
911	874
926	860
920	837
913	825
897	822
915	794
940	783
947	799
945	881
992	866
977	864
977	851
951	841
971	833
1039	921
1039	901
1026	890
1039	868
895	928
928	928
902	913
924	903
890	890
898	881
993	927
998	907
993	889
975	886
1013	926
1016	942
940	971
942	947
959	933
974	911
952	908
845	983
851	954
894	972
896	945
903	992
916	955
941	1128
927	1120
803	1112
961	1103
760	865
776	849
784	876
808	857
782	824
756	812
836	883
845	855
827	850
817	827
857	817
789	926
802	902
823	906
844	910
846	929
750	949
769	947
748	930
770	906
749	887
764	654
737	649
783	634
739	629
747	614
770	608
796	694
800	664
819	706
825	675
825	656
846	708
838	691
818	689
839	681
851	674
871	664
853	640
836	627
810	628
779	714
759	699
774	674
755	673
755	663
816	761
836	751
788	750
843	726
824	725
797	724
765	732
872	771
853	765
881	742
856	739
873	720
834	799
860	797
790	787
818	784
849	780
832	1108
795	1089
824	1086
834	1068
810	1063
820	1043
793	976
796	944
818	938
820	971
833	945
784	1032
817	998
820	1019
839	1019
787	1002
752	1066
765	1065
782	1083
784	1062
735	986
743	961
750	991
764	985
766	969
767	1005
698	1001
699	1027
711	1046
724	1027
726	999
752	1043
689	1080
691	1048
708	1086
712	1060
685	919
695	970
717	915
718	963
708	936
692	943
725	942
644	1046
644	1012
662	994
673	1031
639	988
640	971
672	964
659	934
654	909
613	1119
613	1073
626	1111
647	1071
663	1064
742	787
718	773
757	762
727	757
735	726
714	709
702	694
727	868
749	839
726	836
723	822
692	823
694	854
698	887
714	839
642	871
660	821
661	845
666	874
608	722
618	681
643	712
643	689
664	731
601	847
605	813
617	876
629	805
632	889
634	845
580	802
610	781
644	776
582	764
620	763
633	743
560	705
576	677
588	656
591	692
604	663
556	1092
563	1068
597	1095
606	1067
545	999
618	983
555	956
627	951
598	954
533	1037
568	1040
571	1013
589	1027
622	1015
536	941
592	930
561	928
527	908
595	898
572	898
622	924
511	1130
499	1119
525	1111
500	1085
534	1067
496	1067
493	1041
504	1020
495	997
521	968
493	923
526	873
560	867
534	841
570	831
547	808
520	796
544	771
516	757
567	746
545	736
504	891
498	866
486	843
504	823
497	786
478	709
479	733
504	741
508	720
516	698
536	694
236	1022
199	1006
203	988
205	958
262	1093
254	1074
226	1064
276	1060
259	1047
266	1023
233	1090
200	932
166	924
205	904
177	901
139	914
192	873
167	858
191	840
176	817
213	808
222	842
240	853
243	819
261	839
274	820
217	880
225	907
220	932
256	801
224	792
244	791
189	789
221	778
199	772
144	942
151	966
153	992
181	988
184	957
117	784
132	766
160	759
166	778
142	808
141	835
162	832
142	863
154	888
170	1066
147	1062
167	1053
124	1052
165	1033
137	1027
182	1030
91	1095
111	1115
130	1119
135	1092
154	1020
183	1011
114	1004
82	994
67	1201
104	1195
82	1177
120	1169
116	1152
91	1148
45	1181
33	1149
56	1141
37	1126
37	1097
56	1087
35	1065
15	1064
93	1058
63	1040
40	1039
98	1029
100	853
101	833
74	821
111	807
56	908
75	884
55	882
70	847
99	908
45	837
41	869
51	767
53	798
90	795
91	766
112	746
134	741
86	734
109	715
90	712
50	735
21	990
101	972
52	958
73	935
127	982
24	950
9	870
16	918
19	885
26	867
29	900
24	758
19	777
16	824
6	792
