1327	25
1370	20
1351	18
1336	6
1307	5
1391	9
1393	33
1364	44
1419	98
1426	41
1447	66
1449	89
1457	116
1453	12
1512	58
1520	25
1539	64
1544	41
1554	78
1523	6
1469	45
1471	90
1488	44
1497	17
1501	95
1465	71
1351	113
1334	92
1383	91
1344	69
1401	61
1474	134
1486	121
1520	151
1544	123
1548	147
1576	151
1569	105
1337	191
1349	164
1385	161
1372	144
1353	143
1385	129
1407	180
1440	153
1444	199
1464	167
1462	259
1401	258
1425	253
1452	228
1423	222
1366	264
1350	238
1380	236
1404	214
1370	207
1428	330
1411	314
1453	297
1421	283
1399	354
1353	349
1375	315
1345	311
1736	385
1757	405
1763	382
1781	414
1784	433
1725	452
1742	472
1751	453
1776	450
1691	408
1694	469
1694	447
1702	392
1710	484
1720	420
1649	462
1652	431
1667	442
1670	415
1602	450
1604	504
1622	472
1635	502
1550	502
1570	505
1578	540
1579	479
1550	525
1546	546
1419	545
1439	508
1450	544
1475	521
1496	553
1502	522
1519	508
1523	539
1532	505
1533	526
1544	569
1356	575
1335	573
1360	552
1343	543
1338	515
1379	534
1369	616
1382	584
1390	608
1402	598
1521	621
1545	617
1488	611
1532	597
1483	590
1514	586
1564	575
1413	577
1416	621
1422	608
1445	575
1447	609
1456	656
1452	682
1463	632
1350	450
1332	447
1383	446
1378	373
1353	370
1502	458
1503	491
1519	450
1521	479
1527	430
1401	495
1352	489
1338	479
1375	463
1402	456
1416	475
1431	489
1436	473
1456	483
1465	496
1483	498
1615	536
1632	568
1639	612
1644	538
1712	558
1741	583
1750	553
1758	599
1760	570
1726	536
1708	516
1657	596
1670	577
1670	610
1702	583
1704	610
1685	549
1676	521
1629	645
1671	639
1691	632
1660	630
1615	625
1716	633
1751	634
1564	600
1575	615
1580	591
1591	638
1591	570
1600	599
1485	690
1495	639
1519	671
1533	692
1551	693
1554	649
1639	697
1619	694
1657	688
1604	674
1666	671
1519	756
1571	740
1542	724
1523	714
1615	754
1611	734
1586	711
1627	720
1568	818
1551	803
1519	789
1582	787
1563	781
1598	766
1412	695
1388	676
1422	659
1357	646
1393	637
1297	756
1297	696
1307	728
1307	701
1327	747
1328	712
1355	675
1325	683
1303	673
1388	785
1408	768
1363	747
1392	746
1412	731
1377	718
1363	850
1330	832
1305	809
1306	781
1366	820
1342	787
1318	661
1328	623
1338	600
1343	615
1306	508
1247	498
1270	492
1260	474
1292	457
1319	462
1264	578
1297	569
1274	550
1305	534
1247	532
1282	527
1241	606
1250	645
1264	620
1285	661
1297	605
1300	635
1165	528
1143	519
1113	517
1125	494
1145	494
1105	592
1123	557
1133	577
1134	607
1151	594
1155	572
1051	549
1075	577
1085	551
1086	609
1061	525
1026	548
1016	585
992	526
975	511
1004	502
982	490
970	568
959	736
991	743
1011	784
1013	761
1028	779
1038	781
940	723
946	700
926	631
955	618
952	592
932	585
915	572
923	556
926	539
916	536
921	667
919	743
931	736
864	612
895	610
871	596
887	575
856	715
886	714
906	697
853	684
873	741
853	755
894	668
850	663
858	656
902	638
876	638
847	629
932	470
947	456
914	454
884	449
962	491
964	425
966	454
994	467
997	439
1016	424
992	417
1013	397
1009	361
1003	339
1018	457
1014	482
1028	339
1056	317
1071	297
1060	281
1108	375
1090	364
1121	349
1117	308
425	424
401	418
458	410
423	396
901	550
879	538
858	516
882	509
902	484
857	483
1130	471
1083	470
1104	451
1104	413
1133	407
1118	397
1033	364
1037	406
1072	424
1078	390
1054	471
1050	498
1082	503
1035	525
351	504
361	493
389	476
363	459
389	446
488	510
469	501
483	483
471	472
465	446
418	445
423	463
428	496
441	451
447	478
445	517
438	548
402	549
368	571
359	557
376	537
406	517
404	612
427	610
376	606
393	582
454	581
423	577
459	620
475	592
478	563
488	539
471	529
467	609
592	748
563	740
528	724
514	707
552	705
406	783
473	772
449	758
416	753
384	730
369	720
406	714
424	645
390	639
444	711
427	690
475	722
491	737
341	744
344	763
357	740
363	793
372	768
388	795
219	649
197	648
165	631
219	625
200	608
158	600
88	683
108	681
138	656
110	650
128	623
141	689
74	546
88	558
102	581
109	556
123	581
156	562
223	600
186	577
210	574
193	547
171	700
194	688
212	676
172	666
187	713
165	726
164	740
112	761
144	751
85	746
105	715
82	709
143	718
126	782
215	483
238	460
239	480
240	428
256	471
277	484
158	440
159	502
160	489
175	468
141	404
173	396
173	416
209	412
242	531
266	528
227	518
231	508
249	506
184	517
119	526
152	523
93	433
110	448
113	431
122	457
135	432
139	472
89	471
110	483
59	530
84	526
61	498
68	476
62	462
81	456
976	865
985	828
1004	854
1008	841
978	793
996	799
1010	818
1027	809
1033	827
892	783
892	813
923	823
927	792
956	822
959	761
813	789
815	819
832	778
838	801
846	784
858	769
914	853
918	879
942	855
943	879
961	882
962	854
800	898
812	877
823	915
833	888
843	871
848	842
850	912
876	901
881	876
885	843
881	921
785	935
755	934
787	843
783	814
760	806
752	823
752	853
772	876
752	878
949	935
924	931
963	909
897	904
933	904
200	907
223	919
244	927
256	903
283	931
291	896
304	961
351	946
316	919
352	900
327	876
352	874
186	987
254	971
216	962
187	935
83	960
106	963
127	930
138	950
140	990
159	910
680	1016
685	954
696	988
714	947
721	976
727	1014
645	921
654	903
683	920
709	924
612	964
613	936
618	896
634	956
638	868
607	988
632	1001
560	851
567	918
578	890
595	912
606	851
588	833
654	830
556	829
621	820
634	797
503	814
500	788
518	780
533	769
503	756
507	855
526	842
458	925
505	905
448	899
491	899
473	894
516	924
507	879
465	957
452	953
482	874
449	871
482	847
443	844
464	810
413	983
438	975
431	943
392	930
392	969
404	884
385	864
419	859
403	839
414	832
424	813
367	1050
356	1038
387	1029
355	1023
395	1008
359	994
810	927
834	946
864	939
882	933
892	945
938	1022
893	1021
938	980
907	976
880	975
961	970
913	955
925	959
917	996
851	1029
816	1017
787	1010
858	1007
859	984
815	975
751	1069
788	1048
754	1031
750	1006
779	975
745	958
681	1252
740	1250
706	1221
733	1209
689	1202
712	1175
756	1168
735	1160
693	1154
824	1112
775	1106
803	1103
834	1082
794	1078
819	1059
707	1126
739	1110
676	1097
695	1084
719	1061
857	1115
861	1082
875	1099
883	1070
892	1093
880	1128
837	1141
838	1178
844	1156
855	1175
859	1138
870	1158
753	1332
769	1310
688	1306
731	1293
762	1287
784	1187
801	1173
801	1149
815	1201
779	1222
779	1256
802	1258
286	1085
240	1084
263	1067
290	1053
251	1034
201	1032
281	1009
211	1008
238	1008
374	1079
318	1072
351	1066
324	1036
320	1000
348	1172
321	1158
341	1133
318	1122
351	1101
334	1096
191	1081
194	1051
218	1050
220	1114
210	1163
233	1151
243	1178
219	1198
223	1240
250	1257
244	1219
286	1188
295	1155
254	1136
289	1115
270	1265
315	1249
316	1220
338	1210
321	1189
338	1240
320	1283
286	1242
286	1288
