2025	600
2002	584
2035	584
2038	567
2017	569
1991	629
1975	628
2030	622
1981	619
1952	617
2005	615
1989	612
1998	600
1969	646
1997	654
1912	659
1877	653
2024	658
2041	642
1901	639
1916	632
1779	555
1838	547
1849	534
1812	505
1819	517
1829	495
1833	534
1845	511
1806	615
1844	615
1864	612
1849	587
1834	580
1867	595
1809	581
1791	593
1798	665
1859	640
1875	624
1788	632
1812	645
1837	646
1824	631
1859	631
1749	573
1749	533
1764	568
1774	535
1760	544
1737	548
1699	568
1777	517
1776	618
1723	608
1753	615
1733	608
1776	604
1749	599
1729	592
1759	587
1771	665
1736	665
1745	645
1776	643
1747	630
1763	630
1726	618
1735	627
1831	688
1992	691
1896	691
1872	690
1933	689
1865	674
2032	677
1849	666
1975	673
1826	672
1804	726
2038	724
1872	713
1848	714
2039	704
1815	703
1833	702
1865	701
1971	699
1775	708
1787	703
1708	694
1696	701
1727	689
1756	698
1784	685
1746	679
1713	680
1753	753
1734	743
1713	741
1755	739
1693	738
1761	726
1741	731
1785	724
1727	720
1728	824
1776	808
1752	835
1775	840
1794	798
1800	770
1744	859
1732	765
1702	753
1441	838
1442	825
1462	811
1455	719
1450	801
1454	786
1454	768
1442	748
1456	743
1479	898
1441	884
1485	878
1496	897
1463	888
1445	858
1468	866
1456	860
1458	846
1445	904
1510	915
1507	956
1463	935
1476	911
1443	928
1484	953
1487	931
1455	919
990	805
1117	799
978	798
994	788
1164	795
1168	816
1176	794
1349	793
1408	735
1400	860
1378	860
1429	913
1419	888
1415	872
1418	851
1382	876
1398	878
1400	839
1415	828
1366	816
1428	810
1371	790
1391	779
1436	771
1366	766
1388	765
1358	751
1141	866
1161	849
1147	845
1153	832
1145	815
1154	809
759	931
782	935
789	917
1083	950
1022	1001
1048	986
1065	981
1043	969
1084	967
1077	1044
1046	1038
1024	1028
1069	1020
1095	1019
1038	1058
1107	951
1111	976
1119	996
1133	953
1140	990
1144	970
1129	1013
1119	1060
1098	1043
1347	773
901	752
886	764
853	765
1344	745
893	742
992	739
871	736
1011	732
760	776
743	766
821	771
812	755
798	742
777	741
762	726
786	727
808	726
872	805
880	792
858	789
841	781
888	781
824	831
722	829
835	814
769	789
783	821
757	811
804	828
803	788
784	778
1311	847
1315	812
884	821
855	850
837	849
862	817
864	836
1310	832
1323	859
749	910
799	876
731	875
776	875
799	850
759	844
1162	355
1194	502
1176	495
1164	502
1164	484
1182	479
1179	459
1198	460
1160	448
1176	440
1183	560
1323	556
1260	556
1164	552
1291	545
1186	527
1294	530
1317	541
1204	533
1124	383
1123	348
1104	320
1097	349
1082	339
1146	331
1147	364
1092	371
1133	309
1084	472
1138	470
1113	457
1132	451
1095	448
1144	432
1080	423
1148	393
1096	400
1126	527
1139	549
1083	543
1153	518
1106	548
1098	518
1085	498
1135	495
1112	485
980	495
1067	457
728	494
1061	438
1066	363
1034	361
1045	387
1052	411
1068	392
995	531
952	525
737	509
955	499
984	518
726	518
1006	516
1000	498
1066	497
1014	550
967	559
760	559
746	556
950	556
940	554
955	541
741	538
1011	534
1287	560
1315	593
1286	586
1337	585
1192	584
1321	576
1246	566
1269	571
1299	572
1175	578
1390	722
1364	721
1409	715
1434	703
1348	622
1327	607
1342	706
1429	711
1161	597
1120	598
1138	596
1142	582
1012	580
1072	577
1120	574
1098	592
1056	566
1005	567
1141	632
1091	627
1060	627
1112	625
1075	619
1021	605
1142	613
1082	598
1060	614
1006	707
1156	692
1126	690
1108	667
1144	674
1084	677
1133	659
1052	645
1114	638
894	627
958	613
931	583
933	608
947	593
939	573
726	561
748	572
996	561
861	665
876	656
969	660
950	658
909	650
941	640
979	650
958	636
877	634
771	721
790	718
860	717
977	696
905	709
964	688
860	724
878	683
901	675
1057	1254
1087	1249
1035	1237
1090	1230
1058	1225
1087	1206
1029	1202
1049	1192
1075	1184
1035	1174
1045	1159
1073	1154
1039	1084
1072	1084
1105	1080
1057	1064
1039	1130
1070	1123
1031	1107
1052	1102
1096	1109
1098	1135
1116	1099
1121	1132
1121	1115
1098	1160
1105	1182
1102	1220
1104	1244
1092	1301
1106	1295
1066	1281
1097	1272
1034	1303
1069	1323
711	499
686	534
665	534
706	527
683	513
714	473
703	456
665	449
658	475
693	483
661	672
648	654
652	562
686	566
650	596
717	611
714	588
674	582
702	548
165	491
171	420
236	433
252	391
180	371
168	389
635	481
264	418
216	369
215	556
611	547
648	499
215	537
638	530
623	502
226	515
170	527
614	521
247	671
565	666
601	647
631	637
216	579
184	626
226	622
253	646
634	576
116	425
65	406
75	424
149	416
86	388
120	384
84	363
122	348
150	342
98	491
138	488
70	478
109	466
157	466
135	457
61	449
82	442
156	439
72	657
117	654
154	553
149	587
123	548
11	653
143	618
40	651
130	522
678	682
643	765
664	753
640	750
668	725
676	763
673	743
655	698
640	674
638	723
622	768
626	819
630	806
664	804
663	823
656	792
639	787
679	783
665	772
621	742
263	707
183	712
597	716
217	706
605	684
199	672
294	681
562	691
324	798
616	785
236	781
176	766
218	761
608	756
310	765
257	753
204	744
276	838
198	820
309	821
333	838
245	819
398	817
374	817
349	816
283	803
158	734
98	732
12	712
134	712
78	708
41	702
111	686
16	675
166	673
43	789
106	786
67	781
12	777
85	764
144	771
56	759
34	742
126	738
7	838
134	836
96	824
140	796
79	801
2	806
167	802
58	809
3	791
404	843
422	976
385	958
414	948
386	906
422	916
365	889
412	878
425	853
380	871
393	1032
429	1070
404	1070
424	1032
414	1009
443	1013
381	1003
435	987
402	979
320	909
267	865
346	864
320	873
224	879
268	892
235	902
222	846
242	845
315	993
361	982
348	952
253	974
328	963
240	942
323	936
250	918
351	924
225	1086
364	1063
239	1051
347	1044
249	1001
234	1032
223	998
362	1023
341	1010
124	900
159	867
151	888
123	866
5	869
184	889
2	888
91	856
9	856
198	977
2	914
210	916
145	928
14	934
176	937
202	945
169	959
14	904
191	1119
157	1095
142	1019
200	1042
167	1012
178	1079
210	1070
217	1112
164	985
