1963	574
1979	556
1966	541
1986	519
1994	503
1977	500
1959	500
1999	481
2017	597
2019	558
2022	577
2031	542
2011	541
2016	520
2011	612
1947	617
1931	614
1949	599
1931	592
1956	636
1909	635
1974	635
1934	628
1928	684
1927	670
1898	667
1916	661
1939	651
1895	733
1907	719
1903	706
1900	695
1894	557
1907	557
1842	563
1842	622
1846	578
1855	606
1866	567
1673	614
1705	588
1716	631
1723	610
1725	625
1829	737
1834	717
1832	700
1859	687
1824	684
1824	668
1849	661
1863	657
1852	645
1836	636
1777	771
1782	744
1793	764
1795	786
1808	745
1813	771
1865	757
1872	753
1924	758
1765	702
1774	729
1785	707
1791	730
1808	710
1761	691
1804	689
1777	682
1806	661
1780	658
1765	819
1739	814
1783	808
1748	801
1734	794
1775	790
1730	758
1743	742
1743	779
1750	765
1758	736
1741	703
1749	720
1676	805
1696	785
1699	812
1717	795
1723	813
1672	888
1681	878
1704	876
1678	856
1701	851
1689	831
1713	833
1654	757
1697	750
1661	736
1682	735
1650	733
1657	708
1695	767
1624	478
1626	471
1627	497
1639	500
1514	473
1531	508
1533	476
1536	522
1541	490
1576	526
1560	524
1585	512
1552	499
1588	497
1584	548
1553	540
1566	539
1584	535
1583	825
1558	818
1572	812
1587	803
1555	799
1577	790
1598	857
1588	848
1573	843
1558	832
1538	827
1516	864
1519	836
1520	815
1503	794
1523	794
1514	775
1565	909
1576	891
1529	889
1570	868
1556	862
1576	920
1574	939
1540	939
1509	952
1514	962
1517	905
1522	940
1530	918
1538	960
1555	970
1561	956
1580	985
1601	980
1637	776
1641	833
1654	871
1657	821
1657	846
1652	798
1665	774
1610	795
1594	788
1607	741
1594	716
1598	768
1598	812
1580	766
1570	756
1577	748
1558	744
1545	730
1575	728
1500	746
1525	745
1510	727
1522	715
1512	709
1600	606
1601	575
1580	562
1593	555
1556	638
1579	637
1568	615
1553	611
1572	593
1504	597
1518	615
1521	630
1531	641
1537	613
1590	705
1605	697
1596	680
1607	673
1598	650
1595	637
1552	707
1579	702
1543	682
1571	675
1546	660
1578	657
1499	708
1483	703
1518	690
1493	687
1502	681
1513	677
1492	578
1491	550
1486	536
1497	519
1509	501
1482	496
1513	650
1495	648
1508	625
1504	614
1499	668
1521	665
1420	617
1437	610
1413	603
1447	601
1406	591
1452	662
1402	654
1428	651
1401	637
1454	628
1463	647
1423	571
1401	569
1451	555
1405	553
1419	547
1421	725
1422	702
1430	692
1440	716
1441	745
1447	697
1415	763
1434	761
1431	779
1383	734
1389	715
1396	677
1401	742
1382	761
1400	785
1192	713
1202	707
1222	706
1188	690
1207	685
1194	677
1263	692
1277	716
1300	726
1306	694
1309	712
1225	736
1186	732
1202	732
1231	720
1191	751
1210	748
1217	763
1228	755
1254	764
1301	760
1286	758
1271	745
1248	744
1289	740
1308	571
1309	543
1364	519
1371	539
1395	524
1381	573
1359	581
1381	601
1386	623
1307	441
1317	498
1324	468
1341	465
1258	499
1270	523
1273	481
1300	482
1297	512
1293	540
1287	558
1287	462
1264	455
1242	589
1265	584
1244	566
1265	551
1241	548
1222	526
1222	480
1227	465
1236	495
1242	522
1251	475
1247	450
1186	580
1204	576
1193	569
1212	566
1210	496
1219	620
1264	610
1241	609
1218	607
1314	646
1294	632
1316	618
1294	607
1311	592
1294	580
1180	664
1195	633
1180	624
1194	617
1179	600
1283	681
1316	679
1298	665
1313	664
1320	664
1250	689
1248	669
1271	661
1247	652
1253	638
1269	637
1243	634
1019	699
1021	682
1006	675
1017	663
1019	657
1005	651
1004	585
1014	584
996	573
1004	570
997	555
992	624
1005	615
1016	611
1015	595
994	593
998	635
1010	633
989	645
960	582
967	569
979	562
980	579
954	653
967	650
968	673
979	700
983	685
997	696
957	638
974	631
944	629
947	611
977	605
944	599
941	580
926	560
937	553
929	535
939	532
889	567
890	586
909	572
924	588
898	623
897	609
916	606
866	597
907	594
966	618
864	554
884	549
911	549
874	534
879	516
861	513
896	547
846	495
870	495
857	486
873	477
848	472
856	468
822	558
817	539
814	519
821	498
824	477
815	782
833	781
801	775
818	768
806	765
840	770
805	836
809	818
840	815
829	803
803	800
845	793
847	853
854	839
847	827
844	535
855	575
839	575
820	879
823	867
819	849
836	843
824	828
784	840
791	875
801	858
804	880
755	833
768	836
770	811
782	807
789	817
786	793
771	886
761	874
748	869
778	856
759	853
742	850
701	880
716	870
728	862
730	880
725	920
701	919
741	915
706	906
724	903
748	895
763	905
787	891
674	846
677	917
684	900
684	821
685	797
661	781
688	780
672	765
625	836
633	822
639	864
641	838
661	827
644	808
619	804
669	801
624	788
638	787
636	772
637	555
640	584
652	603
660	584
675	597
668	622
690	621
642	627
685	641
601	666
636	665
615	659
681	658
593	654
667	650
670	676
697	683
618	727
646	715
624	704
607	686
626	683
679	745
693	741
693	720
671	705
683	695
664	688
619	761
649	747
609	747
631	745
589	586
599	570
617	569
604	553
590	637
616	629
597	621
617	612
580	606
598	602
512	628
488	622
508	610
484	598
507	591
446	653
441	630
464	614
429	605
442	595
461	588
429	581
439	573
462	558
498	450
494	427
473	404
506	401
526	407
520	429
497	528
510	515
503	505
512	487
498	468
514	455
433	536
453	535
445	513
421	492
427	474
457	481
482	488
479	519
471	471
486	574
490	556
503	545
505	570
505	695
508	681
517	661
498	647
465	703
431	701
443	677
461	676
476	726
480	743
502	715
506	763
435	774
461	772
445	756
462	740
445	739
453	720
456	820
432	818
414	806
428	794
450	794
342	909
316	894
339	894
318	879
337	877
319	908
459	918
426	906
453	904
442	890
421	883
359	874
361	903
366	888
375	915
397	884
399	911
386	934
398	956
420	1003
409	987
444	960
441	939
413	931
437	976
360	815
373	819
378	805
386	823
401	799
405	827
378	861
349	852
399	852
376	848
316	864
329	858
329	839
314	838
344	831
434	868
453	863
457	844
422	840
442	839
377	746
385	731
393	757
399	699
406	743
427	725
422	674
373	790
357	784
389	780
411	777
373	765
325	818
341	807
317	800
335	784
321	765
341	765
300	712
309	734
331	722
364	735
372	712
360	696
354	670
381	676
400	666
286	759
287	771
297	747
312	751
269	765
230	757
245	746
229	744
284	744
234	808
272	806
257	786
275	783
220	777
265	830
241	838
262	848
218	729
223	697
236	703
245	726
258	706
269	690
