1956	911
1933	903
1957	892
1947	883
1929	881
1959	865
1917	857
1955	840
1939	836
1917	834
1822	892
1839	891
1795	879
1828	873
1803	850
1832	838
1941	964
1927	951
1959	941
1938	933
1970	924
1899	906
1901	892
1895	871
1889	857
1895	842
1911	917
1908	937
2021	683
2029	699
2042	719
2042	693
2043	678
1976	714
1982	739
1994	710
2001	750
2010	716
2019	738
2044	780
2007	778
2019	778
2035	768
2046	746
2034	797
2029	823
2042	830
2044	849
1840	727
1859	729
1861	712
1869	698
1882	739
1886	704
1904	722
1906	705
1918	721
1934	760
1805	806
1819	783
1832	741
1833	811
1906	821
1941	814
1922	801
1953	801
1940	787
1914	786
1884	823
1865	800
1891	788
1867	778
1887	772
1771	817
1776	800
1779	843
1789	823
1772	771
1798	774
1768	750
1727	898
1731	886
1768	867
1768	888
1729	863
1788	860
1753	877
1747	888
1752	844
1757	828
1733	825
1719	815
1745	805
1722	793
1752	789
1730	771
1743	759
1749	741
1715	768
1716	749
1720	726
1733	716
1742	733
1684	843
1711	838
1692	826
1677	813
1704	806
1694	797
1693	768
1673	761
1694	745
1705	733
1704	886
1666	883
1706	861
1680	861
1674	932
1708	917
1660	917
1717	907
1681	902
1662	898
1804	932
1834	932
1851	921
1826	911
1797	904
1748	949
1773	945
1760	929
1746	926
1775	909
1750	906
1765	993
1820	987
1796	978
1778	969
1815	958
1684	958
1790	1042
1768	1019
1818	1019
1799	1015
1783	1007
1829	1035
1151	846
1160	856
1377	1129
1386	1148
1403	1122
1413	1132
1413	1108
1390	1106
1113	857
1117	850
1120	826
1128	861
1140	833
1147	871
1085	849
1088	830
1093	821
1102	834
1105	813
1096	845
1089	909
1098	914
1118	935
1028	896
1086	889
1115	879
1017	874
1034	874
1093	863
998	854
1007	831
1019	840
1049	867
1050	832
993	1004
998	915
1006	951
1011	976
1016	912
943	934
951	899
971	924
974	897
958	947
956	960
973	974
951	991
904	829
917	845
919	821
921	793
931	802
946	807
903	870
952	841
848	883
863	909
864	893
888	937
896	921
830	814
834	791
851	805
897	792
896	813
969	809
1029	586
1006	578
1020	561
1024	538
1037	516
1014	489
975	498
983	521
1019	638
1001	631
1038	627
1048	613
1006	604
1051	592
935	592
919	587
927	567
941	530
861	568
880	560
907	554
905	542
878	532
851	525
901	571
798	607
818	592
898	587
807	577
873	585
931	631
954	612
954	598
960	634
983	601
984	662
973	579
986	553
870	651
902	609
910	649
914	626
882	611
868	626
837	667
814	647
832	645
819	623
806	621
829	616
1317	816
1318	779
1324	756
1344	764
1358	759
1327	841
1446	909
1460	920
1321	717
1344	713
1307	711
1337	704
1342	736
1365	732
1365	704
1387	721
1401	726
1272	733
1284	751
1284	780
1301	774
1301	734
1007	673
1031	699
1043	729
1043	718
1015	701
1027	672
886	667
890	689
911	669
916	689
935	658
941	678
943	695
950	706
957	656
974	680
884	723
888	752
896	706
905	726
830	748
834	728
849	705
855	755
820	768
791	762
781	738
795	713
821	698
797	850
799	831
806	784
818	848
744	922
745	908
749	895
773	910
784	893
757	873
786	866
742	856
766	853
743	841
769	834
703	780
718	816
721	792
741	781
749	811
761	797
696	861
700	890
709	870
715	845
693	906
632	809
636	774
649	803
662	823
674	784
692	809
775	657
760	656
729	642
750	632
739	597
711	760
727	765
755	747
762	733
743	727
709	706
749	699
769	682
719	674
743	670
680	640
686	706
687	672
693	653
699	689
662	590
676	613
703	586
635	729
657	755
676	730
681	762
697	728
697	747
617	712
632	672
636	696
654	654
656	713
626	614
404	422
376	418
438	411
459	397
386	387
403	342
289	440
313	453
320	479
321	414
331	443
344	406
326	383
354	381
337	344
478	483
496	466
502	436
493	415
444	493
409	476
437	467
393	441
415	438
324	514
343	511
347	480
361	512
381	465
385	486
57	487
62	455
66	515
75	475
79	499
48	524
55	429
27	423
49	404
5	361
127	331
123	319
137	312
158	304
203	242
209	221
229	216
166	215
182	206
170	292
208	288
223	274
163	266
205	264
235	292
5	485
14	458
31	496
35	473
40	445
28	519
224	372
274	365
256	344
280	336
256	314
230	312
199	372
170	354
191	342
208	330
180	325
672	401
690	385
668	379
666	368
644	387
626	373
587	446
597	431
606	393
611	411
618	426
697	458
632	440
690	440
649	435
701	421
634	410
655	464
598	532
613	510
575	489
590	468
614	461
633	542
657	526
660	548
669	510
682	504
677	480
153	418
144	378
163	369
139	357
133	350
154	348
136	426
147	399
159	449
174	469
193	455
216	453
177	410
207	403
181	391
190	427
235	506
174	499
196	488
223	485
142	511
264	427
248	413
241	396
262	384
258	467
258	511
239	437
248	531
198	558
182	551
220	541
201	537
188	526
160	553
155	523
150	536
505	551
515	564
523	555
534	542
544	557
547	569
617	587
601	575
561	567
609	557
579	550
529	592
542	585
560	585
577	577
522	576
526	650
544	637
559	627
563	611
529	607
592	674
584	631
599	622
594	599
602	659
620	647
555	890
539	870
556	868
532	846
528	826
376	649
408	645
402	619
351	619
421	609
366	609
347	679
359	656
402	693
538	809
191	719
374	748
402	748
411	719
369	709
348	719
514	704
180	666
193	688
221	693
224	668
250	653
186	652
224	635
190	631
180	618
241	615
258	606
218	651
478	595
479	579
484	619
490	585
497	599
512	618
502	636
485	644
496	662
401	569
419	567
404	531
451	529
435	517
402	508
463	550
326	596
346	589
376	587
350	565
328	545
369	545
168	587
177	580
197	592
204	572
227	573
166	711
176	741
181	716
184	729
185	702
187	772
141	563
148	638
155	598
168	648
170	628
121	723
127	741
161	752
164	742
144	714
143	757
136	771
149	784
171	785
111	699
156	698
133	686
111	675
102	652
127	644
