1777	1090
1784	1161
1788	1130
1799	1102
1813	1156
1732	1117
1733	1167
1734	1141
1747	1126
1758	1103
1762	1146
1748	1084
1729	1084
1759	1080
1732	1064
1749	1062
1711	1060
2039	1105
2025	1090
2023	1077
1692	1229
1678	1218
1711	1211
1693	1198
1727	1184
1708	1180
1668	1238
1733	1047
1675	1042
1716	1037
1686	1032
1683	1019
2038	975
1687	1162
1667	1152
1724	1150
1693	1136
2016	853
2030	846
2042	842
2018	838
2033	827
2037	792
2044	892
2017	888
2031	883
2031	868
1781	863
1786	840
1992	882
1994	860
2004	878
2005	844
1688	858
1701	866
1726	850
1751	863
1762	836
1767	853
1744	904
1756	892
1768	871
1776	894
1787	888
1799	871
1670	912
1688	911
1678	896
1696	881
1678	878
1708	904
1713	887
1717	870
1726	902
1732	887
1717	916
1688	952
1698	943
1681	931
1698	923
1738	705
1762	704
1784	673
1746	670
1785	757
1747	754
1724	738
1765	729
1787	722
1717	720
1780	772
1777	824
1766	812
1763	787
1778	782
1794	812
1796	791
1813	826
1831	824
1844	808
1697	805
1707	829
1714	780
1723	808
1737	827
1743	809
1693	839
1815	805
1821	787
1797	750
1795	704
1806	691
1800	851
1797	829
1737	635
1765	616
1783	609
1751	599
1668	629
1676	655
1681	610
1689	647
1695	597
1698	621
1725	659
1838	662
1844	645
1862	643
1862	612
1819	672
1798	662
1822	645
1801	626
1820	624
1632	1264
1666	1263
1677	1288
1688	1248
1658	1314
1661	1292
1683	1311
1681	1338
1662	1353
1640	1214
1623	1211
1655	1201
1605	1189
1638	1184
1593	1160
1643	1160
1615	1153
1586	1139
1646	1136
1672	1085
1678	1107
1682	1066
1703	1102
1675	1128
1711	1116
1666	1132
1652	1112
1649	1078
1623	1068
1627	1049
1651	1040
1634	1036
1608	1130
1628	1106
1604	1100
1613	1086
1608	1237
1609	1277
1627	1241
1629	1307
1630	1322
1630	1287
1640	1342
1492	738
1503	748
1504	718
1518	723
1522	708
1498	699
1488	695
1530	692
1509	692
1468	702
1470	717
1453	730
1529	679
1542	670
1511	659
1531	650
1535	627
1550	625
1553	644
1563	664
1568	637
1578	648
1579	627
1454	797
1459	774
1478	775
1483	800
1490	762
1491	782
1529	606
1559	597
1545	590
1540	561
1562	560
1532	541
1534	286
1555	277
1586	276
1572	262
1562	232
1542	224
1580	302
1531	273
1514	262
1547	352
1548	331
1506	327
1533	325
1504	311
1568	311
1483	554
1485	576
1505	543
1507	587
1513	557
1484	679
1497	668
1484	659
1467	655
1502	646
1463	627
1468	602
1488	634
1503	616
1522	630
1463	577
1414	572
1437	567
1412	558
1460	555
1429	550
1459	852
1498	850
1516	841
1477	839
1501	822
1451	822
1499	885
1477	884
1441	868
1507	864
1445	892
1466	915
1484	908
1469	928
1432	818
1415	808
1439	804
1423	800
1412	790
1384	816
1393	786
1434	777
1413	771
1379	988
1419	919
1436	930
1445	950
1374	928
1361	915
1325	784
1337	800
1351	788
1371	808
1372	784
1337	890
1341	840
1354	890
1361	853
1367	873
1370	894
1340	870
1360	829
1348	1013
1377	1007
1331	1000
1354	996
1320	984
1349	973
1332	959
1299	958
1350	955
1345	942
1308	930
1324	917
1297	902
1310	882
1288	869
1321	863
1294	851
1277	835
1313	835
1289	832
1277	819
1280	795
1291	816
1303	785
1317	814
1283	769
1265	724
1299	722
1286	706
1313	703
1266	698
1376	674
1393	688
1399	674
1413	688
1431	673
1458	679
1275	684
1303	678
1334	681
1354	677
1447	709
1456	750
1470	741
1479	754
1400	717
1407	740
1419	754
1426	705
1432	755
1434	725
1304	755
1324	753
1276	747
1290	735
1318	729
1346	710
1353	741
1374	729
1375	757
1338	727
1366	693
908	508
1507	368
1533	368
1524	355
1430	627
1413	617
1442	614
1417	600
1442	595
1400	588
939	647
925	644
945	632
932	627
916	618
933	611
1252	659
1265	636
1281	661
1308	650
1317	637
1338	652
1291	639
1403	652
1412	665
1421	651
1433	644
902	599
867	598
908	576
864	575
893	565
882	580
894	582
888	604
916	601
902	636
866	635
884	622
859	620
875	556
910	555
858	551
883	535
902	532
855	483
867	471
871	510
877	490
889	479
891	511
974	864
1001	857
962	855
982	853
975	838
991	836
1011	822
1013	840
1014	879
1026	856
1014	895
1007	904
982	905
965	901
997	895
969	881
990	873
995	924
874	815
829	812
867	807
853	805
884	793
870	792
859	833
866	837
890	862
896	856
905	848
882	893
866	888
899	886
874	881
884	874
852	891
884	918
871	915
931	904
894	903
862	902
850	903
857	925
873	933
910	664
869	661
908	651
890	650
867	723
876	704
875	686
859	681
937	699
928	692
928	668
934	660
933	713
927	738
928	753
888	705
896	679
902	701
908	719
912	689
920	707
924	721
913	735
887	755
871	778
873	763
877	744
882	774
824	783
824	767
832	739
837	772
849	740
851	762
846	788
809	515
846	513
836	503
821	493
823	558
837	550
821	541
845	532
824	525
819	581
787	573
806	565
786	556
779	540
798	537
785	612
801	601
783	600
801	585
835	674
846	657
846	635
839	619
838	600
844	577
818	789
804	780
807	766
819	749
813	729
783	635
823	634
794	627
774	620
815	614
814	669
792	668
782	653
826	651
794	649
808	645
845	882
847	853
838	844
851	822
821	712
849	709
830	695
811	690
778	695
780	678
792	685
794	729
797	704
782	720
799	749
829	862
808	837
816	823
805	804
824	800
811	861
830	885
111	445
131	444
129	427
102	421
41	467
43	424
43	447
64	464
79	433
91	462
166	551
149	534
165	531
142	514
61	562
63	543
84	574
87	537
82	593
151	655
184	646
179	625
152	605
228	661
207	647
201	629
262	646
250	611
149	566
172	584
190	595
190	570
206	561
209	581
134	587
108	586
114	563
102	549
134	549
113	532
97	613
9	609
16	590
24	575
36	588
38	606
39	565
51	587
64	611
48	630
135	711
155	710
134	689
133	632
127	604
201	754
245	752
225	747
208	737
132	736
133	755
149	726
156	746
164	767
169	729
236	784
258	781
278	779
260	765
105	758
99	739
110	720
107	671
122	668
91	651
67	773
82	790
99	775
112	795
125	771
136	804
48	673
57	700
58	726
72	661
80	718
82	679
45	722
8	796
46	793
15	768
38	767
12	743
36	741
30	731
7	687
15	650
25	712
38	645
292	802
300	765
308	787
326	785
323	802
329	821
299	827
265	826
265	805
248	799
352	827
288	886
253	876
238	865
290	856
246	843
273	841
210	895
237	892
223	881
202	864
216	859
229	854
208	835
228	811
199	802
213	790
205	779
223	767
173	810
175	783
181	739
187	787
188	770
188	832
179	859
186	891
183	906
5	842
22	822
37	847
50	829
58	855
18	862
72	813
90	811
97	877
99	827
105	855
117	875
134	878
142	859
45	900
49	872
59	885
70	904
80	880
84	852
67	931
5	888
11	910
19	928
31	880
40	948
419	897
395	894
418	880
422	862
404	850
439	900
440	860
447	873
458	889
391	995
392	975
421	958
394	933
417	920
414	998
429	977
428	945
361	874
364	846
370	865
379	868
388	849
393	875
307	867
313	849
332	877
336	860
342	847
347	864
345	915
301	911
339	896
309	891
362	893
377	927
375	910
329	1010
286	1008
308	1005
322	985
278	981
308	972
337	965
204	960
249	955
262	952
226	947
197	915
227	909
245	929
252	907
275	927
281	906
206	930
229	929
286	959
321	946
299	933
326	921
255	1074
256	1057
244	1040
250	1023
261	998
257	980
283	1067
278	1043
301	1034
273	1023
