1809	627
1779	624
1796	608
1803	587
1783	577
1772	566
1697	649
1721	648
1707	625
1691	612
1686	701
1717	700
1691	673
1715	672
1666	668
1753	702
1747	672
1753	648
1742	609
1740	583
1814	704
1781	692
1814	676
1783	661
1810	653
1777	455
1743	451
1866	450
1823	449
1837	467
1841	483
1847	500
1856	479
1755	505
1727	500
1698	490
1720	475
1752	474
1829	514
1813	511
1794	510
1823	492
1783	484
1809	483
1697	540
1722	536
1733	520
1698	513
1802	557
1813	556
1752	553
1791	542
1761	526
1815	526
1844	917
1854	893
1833	885
1841	865
1835	837
1829	815
1850	811
1835	790
1836	767
1834	751
1851	745
1840	717
1784	756
1818	738
1771	735
1796	714
1904	961
1898	947
1876	940
1860	930
1687	833
1698	813
1696	784
1705	751
1707	727
1709	841
1722	800
1777	847
1777	819
1796	815
1807	810
1783	784
1808	781
1807	838
1819	863
1742	808
1734	780
1759	759
1735	745
1733	720
1755	835
1745	862
1747	886
1832	221
1767	214
1800	209
1815	194
1795	191
1799	162
1765	188
1798	260
1755	255
1779	253
1792	246
1802	243
1744	247
1740	235
1769	327
1802	314
1775	294
1797	291
1756	287
1701	336
1704	302
1722	305
1732	283
1735	325
1733	260
1710	231
1622	347
1629	402
1630	369
1633	327
1658	392
1660	353
1651	309
1669	322
1677	293
1746	366
1746	388
1747	407
1762	349
1769	397
1777	368
1782	412
1769	430
1581	386
1583	409
1586	369
1597	378
1609	390
1791	358
1798	383
1826	410
1826	385
1857	395
1870	419
1800	427
1892	403
1715	421
1711	402
1694	397
1681	370
1719	360
1716	387
1672	560
1655	527
1674	519
1638	513
1696	568
1693	593
1716	601
1660	494
1639	484
1665	469
1633	456
1651	432
1671	417
1569	433
1574	459
1590	431
1598	459
1697	437
1702	462
1584	514
1576	488
1607	483
1548	482
1472	491
1476	513
1495	490
1519	490
1521	506
1525	472
1526	797
1497	795
1518	774
1490	768
1541	759
1486	743
1483	868
1546	866
1459	846
1518	838
1476	834
1552	1004
1520	989
1531	967
1516	940
1569	916
1568	1003
1491	1091
1552	1063
1512	1058
1554	1023
1524	1019
1508	1093
1488	1073
1456	583
1490	534
1510	567
1528	585
1540	535
1554	569
1568	541
1578	574
1599	547
1603	570
1634	546
1610	592
1557	601
1466	631
1504	630
1486	626
1513	614
1461	605
1486	597
1465	685
1498	674
1519	671
1465	667
1474	653
1488	706
1528	702
1514	691
1494	689
1540	726
1549	689
1562	743
1565	710
1538	630
1431	582
1384	575
1419	560
1445	552
1458	538
1442	526
1458	523
1425	666
1447	661
1433	611
1387	611
1409	606
1381	599
1429	815
1435	798
1436	786
1439	832
1451	808
1461	815
1436	744
1437	721
1430	704
1411	688
1445	687
1398	791
1410	810
1418	768
1418	787
1425	805
1354	767
1355	699
1356	680
1371	660
1378	696
1384	723
1383	760
1356	591
1373	545
1315	714
1324	737
1340	709
1343	733
1319	1151
1388	1149
1356	1142
1372	1119
1364	999
1355	962
1358	911
1378	886
1364	852
1351	817
1331	1253
1396	1232
1321	1227
1394	1184
1354	1182
1327	1177
1388	1272
1344	1277
1347	1231
1341	1093
1376	1086
1374	1226
1344	1059
1375	1050
1297	1037
1324	1024
1280	1077
1286	1110
1303	1080
1314	1115
1284	1135
1251	1154
1241	1102
1266	1089
1274	1181
1318	907
1269	899
1333	893
1292	874
1325	872
1333	986
1297	976
1331	961
1300	942
1331	938
1267	995
1283	1252
1206	1225
1282	1222
1249	1214
1218	1205
1192	1203
1143	1215
1234	1178
1200	1167
1179	1165
1224	1143
1182	1138
1157	1175
1156	1143
1205	1122
1177	1117
1181	1104
1212	1081
1176	1076
1166	1055
1239	1049
1203	1042
1268	1036
1246	1016
1243	916
1249	876
1231	842
1254	822
1217	905
1227	953
1249	953
1266	936
1242	981
1220	1330
1260	1310
1207	1285
1216	1264
1156	934
1198	927
1170	914
1181	905
1156	994
1161	970
1169	1028
1169	995
1192	970
1202	997
1140	1040
1205	890
1146	889
1187	882
1144	863
1178	834
1272	847
1306	822
1296	806
1282	781
1300	777
1279	755
1224	807
1255	805
1238	789
1248	767
1235	740
1254	739
1142	780
1173	771
1203	759
1145	742
1178	731
1136	830
1198	828
1123	810
1158	803
1188	793
1117	1084
1092	1075
1124	1051
1078	1050
1107	1027
1104	991
1059	1029
1029	1019
1062	1003
1039	993
1042	973
1066	970
1031	942
1002	936
1014	921
1038	921
1060	920
996	915
1079	940
1094	916
1101	959
1115	933
1127	964
1130	915
1045	1128
1038	1087
1042	1054
1030	1047
1037	1148
1096	1155
1071	1139
1108	1115
1070	1103
1075	1169
1113	1168
1135	1131
1063	1197
1126	1113
987	722
1001	723
1022	733
1026	710
1043	716
1058	735
1104	767
1082	750
1103	737
1118	730
1132	720
1076	718
1025	785
1041	776
1005	769
1019	758
999	747
1024	821
1050	821
1015	800
1055	796
1111	882
1100	861
1098	841
1091	820
1033	897
1008	879
1053	873
1024	870
1077	858
1036	845
999	872
1002	892
1069	892
1048	653
1026	629
1053	616
1015	608
1040	600
1077	670
1087	641
1091	610
1096	669
1114	639
1116	624
1126	666
1134	637
1155	656
1156	679
1188	658
1222	677
959	688
966	661
971	704
991	667
997	690
1029	668
1049	690
1072	695
1110	697
1135	693
1224	708
1198	701
1155	705
716	413
694	406
733	404
675	399
712	392
682	381
678	510
726	510
663	500
685	490
701	486
676	467
669	551
671	590
680	575
700	573
701	516
707	536
717	553
753	571
757	593
774	590
641	337
644	319
647	298
653	337
657	317
749	338
714	337
767	333
734	323
752	314
719	306
669	338
691	336
673	311
694	300
684	274
721	368
756	364
769	356
740	354
698	363
666	358
531	445
508	441
546	428
544	402
519	396
507	468
539	468
505	456
563	448
476	544
472	520
508	519
517	504
484	501
496	486
458	441
469	416
482	441
493	388
497	414
590	642
616	635
575	626
576	608
619	606
591	601
584	549
593	541
596	576
598	557
614	570
627	543
603	725
573	724
596	709
596	685
624	684
535	597
551	624
557	591
564	652
574	697
478	570
488	608
495	590
540	568
486	646
469	682
519	672
546	684
403	587
423	617
435	582
453	603
454	515
456	494
450	639
359	633
363	601
378	668
394	640
398	610
425	654
415	682
436	700
391	697
740	651
707	645
732	633
755	627
710	620
732	618
768	655
788	637
773	623
796	609
643	669
682	662
653	653
647	632
687	630
666	615
656	728
650	696
704	690
675	689
718	707
734	687
756	684
730	661
721	733
691	735
756	737
787	731
771	720
741	717
789	708
777	696
769	854
776	836
749	834
727	828
756	814
771	797
741	794
761	775
781	772
744	757
776	752
655	764
674	759
630	750
599	746
711	761
727	780
704	806
665	805
644	796
691	782
658	782
640	775
742	902
716	889
746	884
716	860
739	858
776	882
676	854
624	844
676	826
622	824
697	834
687	870
694	893
672	888
359	845
388	823
392	856
429	863
452	835
360	791
335	771
366	753
394	748
328	743
355	733
317	701
349	696
339	660
323	638
338	612
298	821
310	836
316	801
330	816
336	878
316	882
89	828
72	825
98	812
58	809
85	804
83	790
53	772
65	788
272	722
291	696
306	765
277	771
297	733
303	793
16	816
33	815
8	807
20	802
37	792
35	770
497	745
570	743
527	735
548	718
506	700
423	729
447	745
467	758
469	724
456	786
420	806
426	772
399	777
534	846
564	837
562	811
527	806
558	791
524	775
472	816
481	872
492	794
492	845
483	900
509	926
518	886
524	918
550	917
553	867
4	844
9	830
21	850
31	858
31	833
92	873
69	869
46	857
91	857
72	844
50	827
37	920
13	916
37	899
14	897
47	881
25	880
63	923
64	907
67	891
85	897
84	914
82	929
55	959
80	959
22	1015
41	1013
43	939
17	939
8	1000
5	1017
7	1046
43	1035
7	1029
373	931
340	922
327	906
357	904
372	890
407	950
453	945
434	927
422	896
446	1041
409	1016
440	976
421	976
451	974
372	1007
366	978
384	967
317	964
347	954
346	1004
387	1041
383	1071
460	1135
396	1115
425	1114
407	1078
462	1070
436	1157
415	1161
