1875	211
1883	255
1888	222
1906	263
1907	236
1875	290
1845	297
1850	266
1852	244
1854	221
1857	197
1819	225
1826	198
1826	256
1827	181
1753	167
1731	158
1748	146
1735	139
1756	126
1776	152
1801	152
1782	128
1768	112
1752	228
1727	218
1709	196
1733	186
1715	177
1715	240
1765	241
1787	243
1758	196
1769	202
1782	181
1787	218
1798	174
1801	198
1615	265
1617	303
1631	253
1643	287
1651	272
1593	312
1588	290
1587	265
1577	245
1581	227
1674	383
1652	375
1623	368
1647	350
1627	341
1653	324
1528	299
1538	262
1555	314
1558	293
1552	350
1518	334
1544	363
1539	392
1557	396
1563	373
1594	367
1608	342
1590	340
1568	332
1586	398
1608	391
1626	454
1644	433
1613	431
1628	411
1651	405
1547	425
1551	442
1561	454
1565	422
1586	439
1596	458
1526	484
1528	506
1535	450
1546	517
1566	521
1586	652
1617	639
1600	510
1584	492
1620	489
1629	658
1646	639
1650	618
1654	660
1663	639
1672	617
1637	631
1565	700
1587	697
1628	689
1605	678
1559	675
1579	672
1772	667
1774	716
1775	693
1789	680
1795	729
1845	631
1808	620
1840	604
1813	595
1862	590
1834	583
1781	625
1760	657
1792	653
1781	642
1711	637
1705	661
1680	676
1709	684
1893	658
1883	639
1910	624
1888	606
1890	584
1811	696
1844	692
1855	659
1818	655
1686	726
1692	708
1712	741
1722	710
1743	688
1698	750
1908	733
1891	730
1880	704
1874	677
1756	798
1758	820
1781	802
1792	828
1811	804
1823	827
1873	734
1848	730
1823	726
1832	714
1865	710
1749	711
1739	715
1744	732
1804	770
1752	769
1774	769
1779	745
1721	759
1708	783
1677	792
1812	746
1842	759
1859	774
1867	754
1661	808
1663	824
1683	809
1736	823
1642	818
1634	837
1519	758
1544	756
1569	736
1523	733
1549	730
1538	721
1602	771
1588	747
1615	743
1592	727
1615	714
1524	812
1554	806
1549	793
1522	789
1572	781
1543	779
1432	784
1434	817
1444	799
1445	770
1464	794
1467	763
1461	820
1427	841
1483	844
1485	819
1495	794
1492	768
1497	742
1506	719
1978	865
1992	846
1960	838
1943	838
1957	816
1984	943
2003	938
1987	924
2011	924
2012	909
1989	907
1988	960
1896	847
1898	871
1917	873
1919	855
1925	836
1936	865
1900	794
1943	787
1918	777
1880	776
1945	763
1932	755
1834	790
1846	833
1854	802
1858	867
1867	829
1873	865
1703	889
1711	922
1714	888
1724	906
1729	882
1731	939
1749	870
1709	861
1727	851
1760	847
1740	846
1723	836
1675	856
1659	883
1636	882
1831	912
1846	911
1863	899
1847	890
1824	887
1830	862
1767	877
1775	889
1801	860
1803	915
1810	890
1630	934
1638	907
1650	935
1660	910
1641	957
1655	964
1629	980
1633	1001
1768	956
1853	950
1831	944
1813	936
1793	935
1860	925
1889	939
1877	964
1850	969
1749	961
1753	936
1769	934
1766	913
1748	902
1783	1007
1813	1000
1828	997
1818	979
1802	965
1820	961
1755	1036
1747	1024
1763	1017
1755	997
1770	986
1745	983
1808	1069
1798	1054
1831	1038
1815	1036
1780	1123
1773	1100
1782	1091
1770	1072
1462	896
1478	886
1458	871
1478	864
1506	863
1462	845
1616	960
1604	913
1610	896
1581	805
1595	792
1596	945
1460	957
1494	939
1476	934
1488	921
1473	960
1404	955
1421	955
1437	931
1516	835
1535	863
1539	839
1558	824
1559	849
1577	833
1531	884
1548	1089
1537	1079
1494	1125
1509	1115
1484	1111
1495	1092
1522	1132
1537	1118
1484	1076
1381	874
1384	834
1408	864
1409	836
1396	896
1417	888
1338	843
1342	871
1348	888
1356	844
1361	866
1362	892
1372	931
1363	954
1367	820
1345	816
1407	813
1383	802
1367	766
1263	764
1383	758
1364	751
1214	814
1247	803
1267	789
1201	786
1236	780
1254	777
1220	748
1242	737
1237	721
1212	718
1192	707
1224	690
1140	812
1153	803
1158	837
1165	821
1182	797
1188	821
1169	780
1161	789
1099	844
1101	825
1125	818
1128	838
1093	911
1109	902
1133	880
1098	875
1138	903
1143	862
1167	872
1155	891
1058	796
1043	789
1064	778
1025	769
1044	769
1106	797
1111	774
1126	789
1024	848
1041	808
1048	850
1059	822
1071	841
1080	810
1070	883
1026	748
1000	741
989	723
1024	717
1011	716
1045	753
987	810
1002	834
1005	806
1014	791
1014	859
984	870
995	898
1014	887
943	896
968	891
957	867
970	854
949	843
963	837
945	857
946	814
946	792
971	787
939	775
931	717
939	745
952	760
953	712
968	737
979	760
859	768
881	763
894	751
902	742
871	787
850	689
850	706
881	721
894	730
894	704
903	675
908	700
924	695
931	676
943	694
731	577
708	576
755	561
728	548
747	542
777	562
801	581
829	586
900	633
898	620
930	619
944	607
849	564
863	583
864	642
871	555
876	617
882	642
867	627
884	606
729	622
747	621
718	600
735	597
756	594
762	615
731	652
740	661
694	651
950	667
972	652
990	655
1011	638
1016	614
1020	624
992	687
969	690
818	761
830	733
832	719
837	776
844	746
850	797
828	806
848	810
612	471
625	454
611	443
628	426
645	460
749	483
752	454
803	449
784	432
812	488
790	477
785	497
836	495
835	513
671	464
705	461
642	445
689	444
691	491
667	505
646	500
704	523
722	495
729	522
738	504
750	511
758	528
779	520
807	547
838	545
858	529
812	520
854	489
841	470
850	434
874	462
877	425
883	491
865	507
723	392
743	389
749	409
759	394
779	404
817	412
701	364
674	355
714	351
680	336
649	419
698	418
646	403
663	392
686	384
659	374
603	384
613	343
614	376
620	361
622	323
576	491
577	506
592	504
592	476
604	501
573	379
550	373
586	361
565	348
579	326
523	421
505	416
543	410
570	398
543	389
556	438
578	421
491	447
509	502
487	491
547	485
528	475
503	464
653	541
661	571
679	534
686	573
644	525
622	692
626	704
636	730
647	689
650	756
681	752
686	733
501	582
495	560
517	558
535	548
512	530
484	517
557	552
564	568
574	608
583	628
590	582
598	601
562	728
590	711
604	721
615	747
599	765
584	745
573	759
547	755
545	710
506	912
491	885
544	873
501	858
573	868
566	914
536	924
385	492
405	509
417	525
443	516
450	483
297	563
315	556
338	547
295	544
315	522
345	514
340	605
290	592
318	583
342	583
346	719
373	713
325	733
332	708
393	646
403	586
370	580
446	570
373	550
437	544
455	576
194	569
171	562
218	549
153	541
181	524
216	518
259	609
252	580
260	553
247	517
286	614
199	651
232	635
214	624
235	608
202	605
222	580
243	692
228	679
214	665
242	663
151	608
158	668
166	630
170	599
180	693
180	664
184	715
229	757
194	740
256	735
247	714
212	709
208	705
293	505
319	495
320	472
292	451
254	483
261	449
275	408
276	473
278	497
144	502
169	494
217	478
191	469
131	374
215	438
222	399
243	428
253	410
157	456
