1444	718
1426	699
1444	695
1445	662
1427	660
1429	636
1395	790
1402	818
1404	755
1412	781
1415	803
1417	829
1384	745
1411	739
1380	718
1402	718
1363	699
1403	698
1428	785
1426	762
1436	738
1428	718
1451	627
1453	611
1427	607
1455	588
1436	583
1432	564
1353	793
1360	816
1367	806
1370	838
1385	861
1389	591
1407	591
1392	575
1406	564
1377	639
1400	628
1376	621
1397	613
1374	605
1350	673
1396	668
1344	661
1365	657
1409	652
1370	677
1476	677
1432	678
1409	680
1246	540
1255	540
1229	534
1263	534
1248	518
1217	595
1231	580
1233	599
1251	570
1215	635
1240	633
1208	621
1238	619
1158	538
1164	530
1172	554
1205	552
1207	524
1222	558
1236	559
1160	609
1167	615
1172	583
1182	599
1186	582
1153	638
1185	620
1214	410
1223	430
1232	402
1251	424
1258	409
1143	422
1153	436
1167	432
1183	427
1202	425
1245	473
1274	470
1228	455
1251	447
1272	446
1205	445
1134	467
1138	488
1170	456
1188	443
1190	473
1169	482
1189	502
1273	508
1225	507
1266	505
1257	497
1214	484
1191	672
1216	671
1219	658
1198	655
1218	648
1151	677
1154	661
1206	710
1192	704
1224	697
1207	690
1221	684
1151	695
1208	739
1177	723
1214	720
1228	720
1223	733
1244	737
1183	769
1189	745
1201	773
1205	754
1223	773
1229	750
1213	790
1236	795
1246	758
1247	775
1250	787
940	815
962	813
955	806
936	797
952	788
939	782
962	870
931	861
930	850
949	827
947	872
946	862
959	862
911	778
924	767
942	764
909	763
926	752
971	765
973	754
979	773
985	753
979	737
929	734
968	729
979	723
970	712
915	733
910	819
919	839
919	804
926	816
927	785
909	790
901	712
915	710
918	702
946	703
955	705
958	716
874	687
861	672
879	672
872	659
879	652
862	651
852	731
857	698
862	714
876	705
882	720
894	726
864	551
868	584
877	572
895	548
903	564
853	556
835	555
852	541
853	532
851	521
825	608
829	593
845	593
827	577
845	573
823	541
793	533
810	528
820	522
790	514
780	505
795	597
791	578
796	560
807	545
778	598
810	577
803	615
873	770
860	762
867	744
885	740
842	771
870	786
862	803
855	787
826	626
836	640
844	622
855	636
871	631
869	645
840	802
823	785
825	762
843	751
830	728
839	713
834	683
821	667
843	664
853	654
790	680
791	700
798	665
804	687
814	715
819	693
803	727
813	751
822	743
800	650
790	650
818	643
777	642
781	634
806	629
749	698
756	716
765	707
776	719
769	724
764	738
766	752
774	740
776	751
711	725
723	718
723	702
728	739
731	707
744	733
629	732
644	728
659	718
661	710
664	735
679	723
683	760
673	751
686	743
703	741
629	763
615	760
615	748
626	748
642	748
683	793
648	786
701	784
690	775
663	770
669	954
673	933
681	963
689	947
714	886
674	884
693	880
668	869
682	866
702	864
625	911
655	909
633	896
655	892
631	881
640	866
698	919
680	904
696	901
672	894
672	916
601	853
602	884
604	867
612	883
615	852
618	900
616	923
621	955
627	945
636	962
646	928
654	961
656	945
648	974
735	812
743	800
749	815
756	800
762	783
776	790
774	770
759	768
717	756
719	786
721	771
730	776
733	761
748	750
596	799
618	796
636	792
593	784
625	782
598	769
613	803
635	805
613	835
597	829
587	829
609	816
593	812
695	849
678	847
663	837
681	828
664	809
701	809
709	852
739	870
722	858
746	852
715	844
718	834
734	844
753	875
751	825
662	644
630	635
662	630
678	623
656	620
615	592
756	529
772	545
773	518
775	567
774	581
585	640
587	624
597	612
605	624
608	640
611	611
576	594
583	606
586	583
598	584
602	600
605	574
543	592
553	584
555	592
556	604
566	581
572	609
558	641
540	633
552	631
567	622
548	615
439	656
454	656
452	643
428	643
444	669
435	684
430	694
433	704
436	630
421	625
447	625
460	622
441	609
454	602
389	672
396	660
399	679
407	663
408	677
423	679
389	594
391	614
400	601
406	623
411	634
390	639
399	648
353	739
348	727
363	719
376	719
366	734
342	738
431	718
417	726
398	718
268	748
273	736
274	757
285	755
286	745
287	769
414	773
296	761
297	749
303	743
390	799
426	793
400	792
392	786
416	785
402	780
436	796
397	822
412	819
396	807
412	805
428	813
383	707
384	687
388	697
404	688
409	709
365	666
365	680
377	674
379	660
351	704
357	693
366	706
373	690
376	700
341	620
349	629
352	612
371	632
378	644
318	651
328	653
334	633
338	655
283	677
283	667
336	666
341	677
257	661
257	653
257	672
270	665
273	673
279	659
227	677
244	670
230	668
245	661
235	659
242	653
222	727
222	713
243	727
243	711
250	720
236	702
250	700
221	698
240	695
231	691
194	660
194	649
221	667
224	655
204	685
201	677
194	680
250	832
254	823
242	822
241	807
237	796
247	781
230	779
234	769
249	764
252	752
242	750
210	839
215	827
220	851
227	816
232	855
232	840
233	828
230	869
185	806
213	801
199	792
190	791
221	790
272	867
254	858
269	847
247	844
260	838
245	867
255	875
213	754
187	750
223	744
207	742
188	732
200	727
188	823
195	816
202	827
209	813
210	779
181	775
196	770
210	766
162	721
162	729
171	724
172	711
185	718
150	749
150	729
153	741
155	714
148	701
152	692
160	706
161	694
168	702
180	705
204	706
146	722
133	716
146	711
137	706
140	698
126	749
137	746
141	739
124	739
124	732
128	724
140	761
128	757
117	757
142	755
130	766
66	965
79	965
55	962
78	954
63	951
88	915
61	913
73	910
60	901
37	897
46	921
47	906
51	934
82	942
67	940
84	932
62	926
71	922
93	951
96	926
101	936
101	946
94	966
87	984
89	1021
63	1004
52	996
83	994
74	984
58	981
82	1009
64	1019
73	1034
27	726
27	708
27	736
33	716
35	738
35	727
25	676
12	672
25	665
10	663
23	656
6	747
10	738
5	721
21	717
2	703
19	690
19	682
24	700
29	699
29	683
11	810
4	803
9	793
2	789
3	782
0	776
3	813
39	813
55	808
41	802
67	800
55	797
30	831
35	838
40	828
52	839
53	824
83	839
88	835
79	826
66	826
70	816
43	883
57	875
44	868
42	858
53	852
31	851
73	875
62	864
83	854
91	848
88	880
78	889
89	891
62	888
