2040	779
2027	766
2011	755
2042	754
2023	710
2020	736
2043	727
2044	707
1988	786
1959	782
2002	775
1977	767
1991	758
2031	851
2020	841
2040	835
2005	820
2022	819
2035	802
1977	880
2014	882
2035	870
2042	894
2024	901
1958	825
1980	813
1952	802
1992	798
1969	794
2012	797
1945	845
1957	861
1973	845
1986	865
2002	858
2004	839
1930	892
1934	870
1944	894
1952	880
1954	902
1965	896
1858	668
1834	667
1838	652
1847	640
1861	631
1850	623
1945	721
1905	719
1931	710
1900	699
1920	683
1870	747
1858	737
1878	722
1861	709
1877	686
1932	756
1902	750
1941	741
1920	733
1905	809
1911	780
1915	829
1931	807
1936	779
1885	827
1856	817
1879	799
1859	779
1879	770
1852	762
1847	882
1860	845
1872	867
1897	880
1910	856
1847	923
1877	922
1905	902
1855	902
1888	902
1830	743
1839	720
1835	701
1836	683
1841	801
1831	832
1840	858
1824	880
1831	904
1826	559
1841	553
1824	538
1831	522
1813	518
1792	507
1771	510
1771	538
1789	525
1775	578
1757	568
1742	564
1781	557
1755	553
1801	567
1805	544
1751	533
1858	609
1848	595
1828	594
1811	586
1836	577
1769	629
1743	616
1759	611
1773	599
1753	588
1814	687
1794	673
1816	656
1790	656
1813	707
1818	725
1808	726
1781	643
1796	636
1823	634
1833	617
1810	616
1785	615
1748	673
1753	704
1764	694
1766	707
1778	691
1791	702
1729	698
1719	685
1730	683
1716	674
1724	663
1715	628
1725	641
1739	633
1741	654
1796	887
1748	880
1768	866
1796	861
1755	856
1777	848
1663	835
1675	820
1675	799
1682	785
1681	760
1624	767
1631	782
1651	797
1661	780
1652	807
1700	815
1733	807
1699	798
1721	793
1754	838
1770	829
1781	829
1754	816
1772	814
1750	795
1767	786
1778	784
1768	797
1690	910
1683	896
1682	875
1677	856
1690	841
1722	876
1726	871
1706	861
1728	854
1711	840
1729	828
1698	886
1708	926
1720	904
1745	919
1765	908
1743	897
1771	888
1732	753
1733	740
1713	739
1753	722
1721	720
1744	779
1699	778
1721	765
1751	760
1672	739
1688	729
1701	751
1701	717
1701	704
1698	666
1701	644
1687	646
1685	666
1633	687
1640	709
1646	722
1653	700
1669	713
1683	695
1652	748
1633	745
1580	682
1587	706
1606	689
1612	711
1570	785
1572	761
1590	796
1590	774
1594	754
1546	752
1575	742
1595	737
1553	732
1571	721
1560	668
1589	665
1606	656
1583	655
1562	647
1584	644
1536	667
1638	667
1539	711
1558	704
1522	691
1544	684
1561	684
1511	696
1515	749
1528	734
1508	732
1520	717
1505	713
1505	795
1547	794
1508	773
1552	772
1526	767
1497	930
1525	925
1504	920
1497	907
1513	900
1525	889
1570	941
1572	923
1556	917
1574	902
1527	959
1505	954
1530	947
1510	943
1498	942
1548	987
1503	986
1530	976
1508	971
1549	967
1563	967
1544	1023
1522	1011
1540	1006
1519	993
1569	991
1531	829
1503	828
1514	817
1499	812
1525	806
1561	832
1595	827
1559	814
1579	812
1601	809
1498	888
1506	869
1484	866
1493	850
1517	849
1484	837
1556	893
1546	887
1537	873
1557	872
1544	852
1255	870
1256	843
1264	825
1284	897
1284	872
1288	845
1280	916
1255	902
1206	867
1228	857
1208	837
1230	828
1186	812
1238	809
1216	801
1199	801
1231	797
1206	921
1236	920
1185	906
1209	894
1236	883
1185	882
1262	944
1270	978
1273	959
1288	940
1233	1056
1242	990
1243	1033
1260	998
1261	1022
1241	1076
1236	1090
1256	1060
1251	1051
1200	975
1177	970
1225	968
1198	951
1240	948
1180	941
1174	1013
1177	989
1194	998
1205	1023
1219	1005
1193	1077
1173	1076
1156	1067
1207	1051
1184	1040
1160	1040
1221	1080
1180	1118
1198	1106
1219	1100
1154	1100
1133	935
1139	962
1141	979
1156	945
1158	982
1133	916
1162	912
1143	890
1158	882
1130	869
1154	867
1086	894
1089	877
1101	863
1112	913
1113	886
1111	944
1107	972
1087	961
1068	969
1066	940
1086	932
1071	915
1053	954
1068	986
1084	980
1129	800
1141	807
1145	779
1157	795
1157	764
1161	814
1134	752
1096	690
1098	732
1104	708
1116	745
1121	715
1103	765
1121	768
1124	847
1161	840
1091	834
1141	829
1116	827
1176	851
1188	853
1063	897
1072	881
1074	859
1056	856
1057	834
1071	827
1094	811
1071	806
1108	789
1053	785
1076	784
1048	757
1059	704
1062	732
1076	705
1079	756
944	951
968	931
948	928
941	908
958	886
940	883
984	980
1037	970
1011	969
995	952
1027	951
1031	735
1026	718
1016	754
1015	985
1025	1029
978	1026
1011	1014
1030	1004
990	1004
961	1036
959	1020
966	996
956	981
963	961
963	843
954	863
1003	1069
984	1067
1020	1055
1002	1042
957	1060
1018	929
1027	906
1038	884
1040	927
1046	902
1037	856
1053	925
1011	825
1014	807
1021	793
1029	777
1034	816
979	905
988	881
992	923
1006	903
1013	876
989	855
1014	848
942	834
956	815
973	815
977	801
990	831
994	812
774	923
767	905
785	896
773	881
784	866
718	767
693	767
686	749
704	747
733	744
727	729
749	737
758	730
763	755
779	747
788	766
768	774
742	766
750	814
714	801
743	792
698	787
639	731
659	749
660	778
676	769
679	755
673	796
683	801
679	819
697	816
763	842
768	823
779	818
766	804
778	795
754	868
712	855
729	851
698	842
743	835
726	828
741	883
747	900
685	511
720	504
656	502
665	476
706	474
713	463
636	513
560	507
611	496
631	492
596	474
637	470
598	522
623	524
598	572
571	572
571	556
591	546
619	547
621	568
641	552
657	562
663	532
674	585
676	556
690	580
703	554
715	584
718	528
735	554
745	529
735	593
1388	615
1402	598
1407	619
1416	636
1388	641
1379	676
1413	663
1433	667
1412	688
1383	587
1359	585
1388	567
1340	562
1366	558
1357	527
1328	639
1332	590
1338	605
1341	627
1361	610
1362	632
1361	658
1345	654
1323	546
1300	541
1332	523
1301	513
1315	501
1339	501
1311	613
1313	600
1290	599
1305	582
1321	568
1305	558
1321	482
1274	476
1300	472
1319	461
1280	456
1293	456
1280	492
1271	585
1290	569
1266	560
1273	542
1155	295
1185	286
1150	277
1171	264
1279	350
1261	346
1279	331
1260	307
1278	301
1261	279
1170	360
1175	340
1160	325
1176	319
1199	365
1213	352
1198	314
1212	292
1197	266
1216	261
644	445
651	388
657	418
674	388
685	432
682	457
606	372
630	365
577	355
602	343
626	339
583	336
570	409
596	403
630	399
580	381
563	295
575	318
587	297
606	319
603	450
579	448
559	434
620	432
1171	472
1179	441
1189	414
1166	409
1185	388
1169	593
1184	570
1166	562
1169	549
1183	540
1162	582
1190	599
1174	624
1161	612
1154	427
1130	418
1125	399
1145	393
1149	376
1134	473
1113	470
1152	452
1122	445
1108	521
1142	519
1092	511
1121	498
1151	498
1100	490
1120	538
1139	543
1242	569
1216	568
1230	558
1244	558
1201	552
1237	544
1200	534
1250	526
1232	524
1246	370
1247	433
1263	431
1269	444
1270	511
1214	508
1252	505
1233	502
1196	626
1217	624
1229	602
1214	588
1200	581
1234	579
1202	642
1220	637
1206	467
1224	454
1220	438
1201	390
1224	482
1205	490
1244	486
1251	463
499	345
519	308
521	333
547	309
434	469
439	438
475	453
479	472
497	457
503	423
528	471
522	432
522	367
549	353
548	385
524	396
542	415
553	484
421	522
429	502
476	493
500	504
526	535
548	534
506	526
528	513
529	495
506	479
498	603
483	599
488	580
472	575
541	560
499	672
506	694
516	718
525	727
472	762
486	755
499	752
504	766
465	745
467	726
446	725
442	714
459	708
487	658
439	651
484	628
499	618
441	694
425	685
451	685
439	672
381	802
412	796
403	770
429	762
417	751
409	814
428	783
367	418
374	405
385	453
386	399
391	426
335	496
339	521
349	516
350	481
366	511
380	483
329	443
332	459
341	420
350	465
354	430
354	450
325	527
335	553
356	565
357	544
379	571
382	544
409	564
367	531
374	622
376	598
401	611
410	591
350	617
324	619
383	632
264	490
268	509
291	494
307	513
307	481
319	503
320	471
285	651
277	632
293	631
259	624
283	614
321	641
247	529
248	562
269	543
280	561
295	527
309	557
224	593
241	585
253	597
278	591
311	590
344	591
