1818	867
1797	855
1831	850
1817	841
1799	832
1831	829
1795	913
1814	912
1824	891
1804	888
1784	923
1814	816
1826	805
1802	796
1839	790
1821	782
1745	859
1752	838
1765	859
1772	836
1777	869
1761	885
1755	870
1779	894
1773	908
1796	770
1806	756
1790	740
1812	727
1789	712
1759	804
1739	798
1739	783
1756	777
1774	790
1781	809
1753	820
1753	759
1775	758
1730	752
1765	745
1747	731
1772	725
1853	330
1858	358
1870	331
1879	351
1886	372
1862	419
1864	386
1873	448
1885	404
1897	429
1851	465
1837	441
1863	484
1834	266
1791	259
1815	254
1830	253
1785	389
1802	407
1820	387
1822	419
1839	399
1810	448
1827	474
1811	232
1788	230
1770	218
1806	210
1782	195
1704	284
1738	272
1721	253
1763	248
1817	311
1842	308
1799	303
1840	288
1855	283
1818	280
1782	284
1762	303
1721	336
1696	333
1685	310
1714	305
1738	320
1744	355
1752	370
1759	337
1766	318
1802	379
1781	368
1823	360
1797	352
1820	333
1786	326
1681	698
1688	720
1703	691
1704	713
1673	840
1651	820
1673	814
1668	794
1691	790
1655	779
1673	766
1644	759
1675	742
1647	738
1685	676
1665	674
1649	660
1676	660
1691	648
1629	677
1617	678
1665	720
1636	720
1613	717
1626	703
1614	697
1648	694
1608	761
1615	787
1621	735
1623	797
1626	753
1630	779
1643	802
1651	374
1659	356
1670	380
1675	355
1695	355
1629	369
1614	375
1687	432
1641	432
1667	414
1639	409
1697	386
1700	412
1707	435
1707	422
1718	373
1721	398
1624	444
1584	444
1605	425
1624	416
1594	405
1621	395
1613	506
1579	488
1596	470
1628	468
1608	487
1631	495
1669	645
1641	641
1669	459
1646	457
1668	447
1568	531
1571	546
1583	551
1585	509
1591	533
1565	560
1575	565
1576	580
1541	505
1561	497
1511	483
1559	466
1507	460
1523	446
1534	436
1512	423
1534	423
1544	410
1525	409
1484	412
1470	397
1503	396
1477	382
1404	420
1425	402
1425	424
1441	420
1446	405
1446	389
1452	435
1406	444
1384	448
1480	466
1488	459
1472	447
1482	443
1497	435
1474	422
1531	520
1532	563
1533	539
1549	525
1553	545
1549	558
1553	572
1411	467
1435	459
1447	472
1461	464
1402	485
1425	491
1462	490
1478	492
1511	660
1479	649
1499	648
1473	632
1491	627
1480	613
1507	627
1512	636
1471	527
1479	511
1501	498
1495	481
1426	558
1427	540
1427	523
1409	508
1418	575
1385	601
1348	595
1385	582
1369	579
1389	571
1371	562
1405	599
1407	585
1404	569
1446	506
1449	544
1450	529
1461	510
1460	647
1463	673
1489	694
1471	683
1491	673
1476	667
1505	676
1184	730
1178	710
1168	698
1158	695
1173	682
1183	691
1241	736
1242	718
1242	700
1251	720
1234	753
1208	765
1233	779
1210	749
1194	789
1197	807
1213	796
1215	782
1203	781
1209	814
1148	773
1162	776
1164	797
1176	810
1181	779
1182	757
1110	523
1124	500
1129	527
1136	486
1146	504
1155	525
1157	492
1171	521
1179	516
1189	536
1164	574
1148	568
1149	550
1169	543
1181	558
1181	590
1192	574
1201	591
1202	563
1222	589
1145	622
1164	609
1180	606
1156	595
1236	637
1129	628
1138	638
1102	612
1104	625
1108	596
1114	614
1114	554
1120	575
1111	632
1124	646
1084	655
1077	554
1077	527
1079	540
1103	562
1103	545
1098	587
1074	594
1048	549
1058	524
1061	564
1063	548
1066	540
1025	535
1044	534
1010	533
1023	520
1003	516
1041	513
998	498
1013	482
1020	500
1034	485
1041	500
994	576
993	558
1008	555
1031	552
1016	572
1043	577
1027	594
1002	597
983	595
1055	736
1056	715
1062	727
1062	701
1079	749
1053	751
1094	765
1124	763
1127	781
985	635
971	632
1009	627
992	623
1013	614
978	613
1003	641
1006	652
1009	660
1024	636
1026	647
991	678
967	673
996	667
975	662
990	649
978	644
974	708
974	690
979	733
995	724
995	699
1008	725
990	770
960	769
989	752
956	750
921	680
941	672
914	670
922	663
936	768
919	744
937	742
953	718
934	714
946	700
920	768
911	646
915	622
926	644
939	625
940	649
951	651
859	695
864	675
877	662
882	687
894	674
852	634
862	619
880	637
884	607
896	625
901	607
893	650
866	647
819	629
821	607
826	592
836	622
844	602
772	685
783	675
792	694
807	680
808	701
828	734
850	733
814	716
858	708
829	704
836	684
784	768
816	763
800	749
781	749
816	748
823	807
762	802
808	797
779	789
828	789
801	782
808	840
798	830
808	816
779	813
752	822
768	834
781	845
758	852
740	837
731	617
715	607
723	590
708	575
771	620
793	629
796	612
804	602
704	624
721	649
721	634
749	659
752	637
665	615
669	597
681	628
688	586
690	607
676	646
698	648
705	660
763	664
787	656
810	648
768	642
829	661
847	656
733	439
713	420
729	416
724	399
748	419
750	396
758	437
778	410
779	434
754	459
773	461
780	487
765	489
720	497
706	482
733	481
714	467
730	457
707	452
676	518
699	509
672	508
679	490
664	562
679	561
707	555
678	542
713	532
688	529
726	547
736	529
739	561
740	505
753	529
757	509
728	576
694	920
662	905
679	897
644	888
681	876
664	874
518	833
537	832
553	828
534	810
576	820
584	839
637	846
614	841
597	825
619	821
609	805
628	802
654	855
662	830
652	812
663	811
670	796
646	790
539	878
521	873
534	868
517	858
549	858
531	849
568	851
587	858
583	882
640	973
639	948
655	942
671	923
668	961
679	942
689	961
672	986
652	990
614	913
598	902
623	888
600	879
610	929
626	925
643	925
636	905
638	745
611	744
600	732
631	730
625	727
524	741
550	734
557	708
562	750
571	724
615	785
587	770
610	768
632	764
593	754
586	795
504	801
526	799
512	787
534	781
519	767
536	760
473	874
484	835
487	858
498	875
499	838
507	864
472	809
481	764
482	780
487	802
495	816
503	766
497	742
485	755
443	851
443	836
451	866
459	831
466	850
428	824
450	815
430	801
460	788
441	783
418	742
426	762
453	741
457	769
484	681
509	680
496	669
481	655
512	652
463	639
484	636
497	630
462	623
483	621
459	672
432	666
457	656
426	650
424	642
446	640
530	718
485	704
469	701
497	691
546	685
532	699
514	703
452	721
424	716
419	696
439	694
416	678
477	608
476	596
469	588
471	574
464	561
428	580
449	577
430	566
445	560
426	546
474	543
461	539
442	532
426	531
434	620
418	611
452	609
432	605
451	595
389	533
389	563
391	549
403	550
406	561
408	540
410	582
384	517
385	500
398	509
406	523
408	498
417	511
377	898
340	885
356	877
326	876
341	866
373	863
355	843
336	834
359	825
340	821
349	811
373	805
331	797
358	789
403	828
378	827
414	812
391	806
399	792
379	789
402	774
381	771
414	757
390	751
342	777
359	768
350	753
334	751
368	748
358	928
336	926
313	912
351	904
394	876
407	865
393	856
384	843
420	843
372	703
359	689
372	688
390	685
349	735
364	729
374	729
359	716
382	713
343	708
390	736
392	722
330	684
342	671
324	662
362	662
354	649
345	624
307	650
311	607
319	627
331	611
331	638
287	659
269	653
285	641
266	640
291	625
292	604
280	712
278	696
254	677
277	677
296	706
308	681
322	707
320	731
305	719
281	977
246	977
269	975
239	958
264	955
256	943
239	930
263	919
239	912
279	906
227	812
229	797
218	791
224	786
266	890
247	881
231	872
268	865
252	852
271	848
236	838
236	829
260	825
245	822
174	861
191	856
163	845
177	839
198	830
178	825
212	950
220	927
208	902
225	895
216	882
210	847
221	975
217	997
226	1017
249	1023
266	1003
247	999
282	994
274	1021
194	924
187	897
201	875
186	875
181	915
192	945
180	955
201	968
201	995
196	810
184	810
183	798
194	798
194	780
183	759
175	689
175	707
182	672
215	712
220	690
248	696
256	709
107	723
113	739
115	758
127	762
129	726
140	742
105	785
80	698
93	683
106	702
109	684
131	696
148	712
72	730
74	753
83	745
90	771
