1627	800
1644	791
1622	786
1992	788
2025	791
2022	783
2008	791
1990	774
1635	828
1653	827
1616	822
1630	815
2037	809
1647	807
2021	805
1661	804
1614	804
1619	876
1651	876
1664	863
1667	846
1638	881
1607	862
1638	865
1647	841
1664	833
1580	874
1588	851
1590	830
1600	880
1604	840
1756	617
1983	713
1998	708
2043	702
2025	693
1975	698
1992	694
1735	651
1744	632
1739	604
1990	735
1998	759
2040	758
2016	772
1985	754
2043	741
2027	726
1975	723
2037	720
1667	630
1681	629
1701	612
1686	615
1684	603
1726	615
1716	600
1701	595
1729	592
1696	672
1711	672
1672	664
1725	663
1686	650
1718	635
1670	644
1712	655
1697	631
1666	754
1700	704
1662	735
1694	723
1676	720
1693	710
1681	703
1698	690
1679	682
1658	717
1647	705
1661	698
1643	687
1641	677
1647	669
1656	641
1656	658
1656	679
1646	761
1566	761
1609	752
1625	751
1646	747
1609	741
1637	738
1626	738
1645	727
1517	763
1610	764
1445	770
1638	766
1534	764
1579	770
1626	763
1596	763
1543	762
1465	871
1466	890
1486	858
1487	882
1498	895
1517	818
1556	817
1528	815
1598	812
1575	812
1542	809
1518	806
1564	799
1526	797
1513	891
1517	837
1525	850
1564	832
1569	852
1587	797
1532	794
1551	792
1508	791
1574	787
1520	780
1606	791
1562	778
1543	775
1451	812
1504	812
1485	801
1442	798
1460	796
1491	785
1457	782
1432	779
1469	780
1425	901
1426	869
1434	922
1440	941
1448	891
1507	854
1469	853
1442	848
1423	846
1503	835
1444	836
1484	838
1456	824
1485	820
1139	410
1093	405
1113	372
1181	403
1124	403
1150	395
1140	386
1114	393
1206	451
1151	450
1131	442
1198	434
1165	434
1150	428
1113	424
1186	419
1161	412
1143	465
1095	477
1112	468
1161	475
1199	470
1264	463
1165	463
1100	453
1184	451
1069	374
1091	364
1061	362
1070	359
1041	351
1085	349
1058	347
1045	335
1031	318
1087	425
1062	417
1046	412
1064	403
1045	392
1078	396
1060	388
1085	382
1050	376
1051	440
1036	428
1080	448
1083	463
1031	459
1047	459
1068	430
1064	474
1058	449
1006	372
985	356
999	324
962	309
955	295
974	334
1018	330
1027	363
1005	345
962	434
997	432
941	432
1011	420
1029	407
989	380
993	403
1026	386
1009	394
1020	472
953	467
966	461
1002	463
1009	449
966	444
942	445
1022	440
954	436
1238	558
1254	557
1350	552
1286	552
1334	544
1283	542
1238	489
1311	544
1354	584
1233	578
1254	568
1274	572
1240	569
1252	577
1341	567
1299	565
1318	559
1345	604
1358	610
1332	594
1368	600
1249	599
1303	604
1272	593
1292	587
1310	584
1132	514
1222	502
1149	482
1211	493
1133	501
1129	479
1198	499
1173	489
1114	492
1123	577
1105	564
1136	557
1118	556
1116	539
1131	534
1127	521
1144	534
1096	518
1099	609
1230	610
1145	602
1096	594
1123	597
1231	590
1157	588
1104	584
1143	578
960	498
1016	497
1088	489
945	486
1046	482
1030	485
969	482
1079	480
1009	482
1029	533
1067	532
985	532
991	525
1022	511
1061	519
985	508
1045	506
1065	501
1095	549
1093	583
1006	570
999	559
1069	550
985	563
983	548
997	542
1044	534
1384	650
1341	636
1342	649
1364	635
1374	618
1384	619
1383	633
1343	620
1373	893
1401	887
1423	811
1343	706
1338	722
1422	795
1332	686
1351	676
1335	665
1395	935
1361	938
1377	938
1419	946
1378	957
1354	919
1406	918
1375	914
1390	904
1262	651
1268	623
1319	626
1293	631
1285	611
1310	647
1329	610
1329	646
1275	637
1305	704
1290	704
1331	699
1304	668
1317	681
1294	687
1277	686
1274	671
1288	657
1278	783
1263	740
1277	729
1260	801
1268	715
1270	767
1309	725
1275	798
1325	713
1230	627
1150	626
1257	627
1110	625
1131	621
1113	613
1159	612
1259	610
1093	623
1253	725
1231	719
1217	712
1245	707
1229	701
1260	699
1099	640
1239	635
1231	648
1256	788
1231	762
1222	794
1252	770
1240	800
1250	811
1201	758
1245	748
1229	740
892	349
929	347
914	331
923	294
927	279
935	311
906	301
893	296
918	468
939	467
898	449
906	438
923	447
921	432
937	405
893	374
912	354
898	527
927	500
893	508
912	513
929	489
906	489
922	485
900	470
891	479
876	383
879	358
860	382
861	355
869	337
860	334
887	327
874	313
889	310
859	454
876	448
890	432
869	430
856	425
866	415
886	413
852	403
869	401
883	525
879	512
871	519
859	515
868	502
884	490
872	479
857	486
884	465
847	465
821	454
846	414
834	432
846	394
838	453
821	430
849	438
835	412
337	641
383	639
323	638
344	631
355	638
358	618
341	621
371	626
850	498
391	663
337	657
367	654
323	657
434	659
410	657
456	658
424	646
402	642
476	716
531	713
503	705
460	704
491	700
486	678
473	668
474	692
483	750
462	745
483	731
546	740
463	729
500	740
533	729
504	725
546	721
505	765
458	765
514	794
456	794
547	765
476	795
495	791
480	777
539	756
358	690
337	685
454	677
431	681
373	678
404	681
320	673
351	670
352	668
439	719
354	717
420	714
402	705
366	707
327	705
418	694
442	701
381	695
357	806
386	792
441	783
360	787
442	767
410	726
371	725
388	722
332	721
257	756
200	754
267	748
250	737
233	750
229	740
308	718
305	701
303	682
177	781
204	776
249	774
227	772
241	760
222	756
262	767
186	762
272	762
228	794
217	807
253	806
188	802
160	795
166	808
210	794
266	783
245	785
491	831
552	829
509	815
402	816
383	820
463	810
471	830
482	810
561	852
577	847
521	842
501	846
396	841
562	838
409	835
365	834
565	832
501	870
365	903
399	864
370	869
577	860
384	857
504	856
528	857
355	914
347	874
252	861
219	858
351	853
245	850
230	842
233	810
346	825
230	824
250	937
236	930
223	929
333	919
354	895
225	908
245	903
231	890
216	878
229	992
239	985
254	963
236	965
254	947
230	977
237	945
260	944
219	940
168	841
177	818
215	832
197	832
134	828
148	813
153	827
214	821
202	812
186	882
203	876
118	874
138	874
160	861
183	852
142	851
115	848
200	849
205	930
213	973
200	941
210	958
186	926
206	914
183	904
203	895
168	889
