1145	577
1163	559
1174	580
1193	577
1159	635
1173	620
1163	604
1191	604
1142	593
1148	686
1121	685
1142	678
1127	661
1146	659
1116	645
1119	630
1121	607
1131	624
1136	642
1133	566
1130	548
1126	556
1055	580
1091	569
1053	565
1057	551
1089	546
1060	540
1032	655
1062	682
1071	667
1076	643
1079	686
1085	665
1026	635
1041	636
1069	618
1090	618
1038	611
1029	600
1046	593
1088	590
1023	576
1006	511
1021	511
995	502
1015	494
996	543
1020	542
1010	530
1027	526
1063	520
993	518
1006	559
1026	557
1049	540
1301	569
1304	553
1283	548
1287	531
1229	583
1258	567
1231	563
1229	544
1258	539
1259	523
1326	626
1339	626
1319	607
1337	603
1319	576
1286	649
1273	627
1302	625
1284	604
1301	591
1282	575
1331	680
1311	660
1337	644
1319	641
1249	641
1251	619
1242	607
1252	593
1252	728
1062	741
1047	737
1067	722
1049	716
1055	703
1067	702
1088	765
1091	741
1104	769
1107	728
1117	751
1112	706
1151	774
1159	773
1139	761
1149	743
1131	712
1134	729
1149	699
1067	779
1052	776
1044	774
1049	762
1069	756
576	345
603	342
566	321
585	321
553	294
546	365
511	361
541	340
511	335
532	316
516	294
622	399
642	397
628	380
643	370
606	365
626	359
544	424
504	421
527	411
509	404
534	393
518	385
556	388
563	413
583	373
595	406
586	434
611	430
623	464
595	462
637	444
627	425
505	475
537	469
517	457
501	450
559	442
524	437
488	512
488	493
510	509
523	489
545	512
560	496
772	517
745	523
609	511
591	494
608	494
622	493
570	474
608	473
579	520
568	544
581	547
491	552
513	542
534	564
536	536
749	590
784	583
757	563
735	560
787	557
765	544
733	644
759	638
786	625
743	622
767	608
727	606
809	645
816	620
811	601
815	572
820	556
804	537
832	594
842	562
876	583
888	566
893	608
868	614
870	641
842	632
832	663
609	680
630	679
590	673
603	666
590	658
608	658
654	686
658	728
638	721
654	711
665	707
636	698
672	692
592	735
617	730
590	718
617	705
596	697
659	766
648	762
629	749
651	746
595	777
621	766
584	758
606	752
822	745
822	717
822	689
824	772
834	731
836	720
833	857
761	763
771	740
773	790
792	757
801	728
758	798
808	778
807	801
777	810
727	722
730	742
738	767
745	722
746	745
747	797
733	700
754	695
726	680
751	667
788	664
772	707
798	696
662	806
673	803
677	792
669	783
624	822
601	817
611	813
625	803
599	797
619	786
592	825
661	865
660	847
672	847
680	834
658	825
680	816
671	860
637	836
638	778
644	813
649	795
637	859
648	883
630	879
613	877
609	859
614	839
628	894
1489	706
1479	697
1462	680
1470	665
1393	671
1404	683
1417	719
1429	664
1434	744
1437	697
1496	762
1483	753
1467	745
1491	735
1508	718
1454	717
1452	847
1458	820
1439	817
1460	797
1474	779
1456	764
1579	941
1538	939
1562	919
1581	919
1542	907
1547	843
1539	829
1567	824
1544	810
1564	790
1539	783
1556	774
1529	852
1500	847
1511	829
1517	816
1518	792
1530	762
1451	889
1496	882
1514	882
1518	868
1455	867
1530	891
1570	888
1554	879
1425	815
1414	812
1394	806
1413	795
1419	906
1599	1011
1613	991
1578	984
1554	963
1614	1006
1569	1004
1551	1026
1607	1031
1581	1054
1462	978
1471	961
1443	948
1449	926
1435	980
1439	960
1421	969
1491	983
1503	960
1487	923
1518	913
1524	956
1437	786
1396	777
1434	770
1381	754
1410	747
1432	864
1406	857
1414	854
1424	836
1381	834
1406	834
1426	881
1317	817
1342	807
1344	786
1348	836
1306	771
1330	749
1306	744
1325	727
1320	708
1269	774
1286	762
1266	748
1279	733
1286	782
1264	795
1293	822
1163	803
1123	803
1148	797
1168	784
1140	779
1121	777
1060	829
1095	826
1055	818
1073	811
1095	794
1052	793
1044	816
1148	861
1125	855
1149	842
1122	833
1145	826
1092	898
1071	886
1092	866
1069	865
1074	843
1148	913
1127	908
1144	882
1119	880
871	774
862	751
877	751
869	732
891	732
899	783
928	772
948	764
906	749
934	742
913	727
871	843
848	840
873	823
878	797
852	796
901	810
907	827
928	816
828	952
923	975
937	971
943	802
933	794
983	1002
990	1012
995	999
1013	990
1023	1004
1029	982
1005	1016
965	958
984	959
996	944
1007	968
1010	941
1015	949
958	986
963	1017
966	998
978	982
911	1012
935	1011
913	990
934	988
1422	1006
1434	1044
1441	1019
1463	1001
1469	1053
1481	1026
1491	1006
1500	1036
1376	1194
1350	1189
1397	1179
1340	1178
1361	1164
1381	1158
1395	1228
1364	1222
1422	1221
1408	1199
1414	1246
1425	1259
1390	1251
1398	1268
1349	1238
1027	936
1036	962
1047	948
1061	951
1071	936
1079	959
1075	916
1090	975
1126	973
1112	960
1128	935
1105	929
1399	937
1037	1011
1044	995
1056	1022
1078	991
1093	1023
1013	1033
1019	1058
1033	1040
1037	1079
1059	1077
1083	1047
853	1279
912	1277
885	1274
858	1257
884	1251
945	1158
925	1130
953	1126
895	1117
908	1113
946	1100
920	1091
996	1067
963	1051
947	1037
988	1030
957	1073
889	1030
893	1085
906	1055
917	1073
926	1040
936	1060
812	1036
834	1058
847	1060
869	1059
835	1071
859	1080
870	1097
877	1106
976	1093
978	1141
987	1117
1000	1094
896	1328
864	1318
851	1302
893	1300
574	710
555	703
560	686
568	673
541	660
549	625
565	597
568	645
578	617
507	701
532	689
501	684
525	673
510	665
493	653
494	635
516	634
503	614
532	604
490	593
544	581
515	579
487	573
574	839
566	832
556	830
550	830
563	820
549	813
584	837
584	806
548	796
568	790
572	770
548	765
574	815
562	803
585	783
534	827
506	824
527	816
492	812
472	806
522	800
566	754
577	747
565	741
550	738
577	725
559	723
520	742
486	740
486	719
502	718
524	714
495	791
535	784
485	775
514	772
523	758
502	757
555	900
553	874
567	872
549	850
504	863
491	860
519	848
490	837
539	868
536	894
534	914
465	679
480	664
455	660
466	644
462	619
458	579
464	552
455	537
478	532
471	519
479	753
462	746
466	721
464	703
481	701
470	769
476	792
439	650
430	632
443	620
428	601
444	596
437	580
447	639
109	693
118	707
129	692
143	703
148	760
157	753
137	745
164	739
162	723
142	718
152	778
129	766
137	793
109	771
99	768
105	755
108	731
94	724
104	815
92	806
118	789
88	782
68	776
66	799
69	817
84	836
73	849
50	704
88	703
46	684
63	684
91	682
65	756
46	749
72	740
52	734
36	723
74	722
32	801
43	788
19	772
39	761
26	821
42	821
52	844
32	844
