1987	792
2001	778
2002	797
2011	787
1993	768
1961	798
1971	777
1976	790
1979	805
1981	752
1983	770
1980	761
1756	725
1759	705
1764	688
1781	678
1766	677
1823	641
1830	624
1841	638
1889	644
1899	648
1896	659
1887	654
1771	667
1786	664
1756	656
1774	656
1789	652
1756	633
1798	667
1808	653
1744	667
1737	659
1746	655
1732	649
1738	633
1759	740
1774	739
1788	742
1808	736
1970	739
1979	737
1780	572
1798	562
1781	552
1799	548
1771	538
1789	530
1761	576
1792	598
1813	597
1794	580
1811	576
1779	619
1756	614
1745	602
1772	601
1759	594
1739	587
1698	591
1708	608
1718	596
1721	615
1723	579
1721	634
1788	640
1801	616
1806	636
1816	612
1817	628
1694	443
1718	444
1726	427
1728	400
1734	413
1742	429
1745	401
1747	414
1759	428
1759	410
1743	452
1731	451
1753	445
1722	478
1736	475
1754	467
1732	466
1697	463
1705	491
1713	474
1726	488
1746	483
1750	516
1770	512
1784	508
1765	495
1780	493
1764	481
1867	888
1872	878
1873	859
1877	897
1883	862
1885	882
1844	856
1849	870
1854	883
1860	862
1851	896
1838	876
1835	903
1732	839
1738	816
1743	842
1746	824
1863	842
1854	833
1837	833
1824	821
1846	819
1877	835
1882	845
1761	846
1762	816
1764	830
1780	833
1780	822
1781	814
1817	850
1817	866
1828	847
1829	866
1827	887
1819	902
1819	914
1831	914
1795	826
1796	839
1797	872
1799	812
1800	852
1806	829
1759	887
1750	876
1732	862
1742	859
1726	857
1765	863
1773	874
1786	866
1779	849
1660	639
1669	613
1675	597
1679	621
1685	607
1662	591
1644	579
1634	563
1649	560
1639	548
1661	543
1645	535
1634	528
1656	516
1637	499
1673	497
1675	517
1676	506
1692	507
1694	491
1728	528
1708	520
1727	510
1703	506
1714	505
1744	503
1727	497
1750	535
1735	546
1601	481
1601	441
1603	496
1605	454
1607	511
1608	536
1679	541
1672	536
1706	536
1664	531
1691	525
1676	522
1626	634
1632	600
1637	618
1645	604
1647	647
1698	575
1689	573
1707	565
1694	555
1716	547
1720	564
1734	568
1749	557
1569	419
1583	405
1588	419
1590	398
1598	423
1600	400
1610	405
1637	416
1642	405
1647	427
1656	400
1659	415
1563	438
1564	456
1577	435
1579	453
1583	466
1589	440
1677	468
1672	446
1681	425
1689	412
1676	411
1675	398
1689	480
1700	423
1650	483
1666	482
1655	461
1646	450
1636	444
1659	435
1619	326
1597	323
1609	314
1585	312
1596	306
1559	333
1577	328
1563	307
1581	298
1566	286
1609	366
1627	364
1599	350
1625	346
1642	346
1602	372
1589	380
1585	367
1564	395
1566	370
1579	358
1579	347
1526	333
1543	328
1530	313
1544	303
1532	293
1549	289
1528	426
1548	413
1525	408
1530	397
1515	395
1544	390
1534	386
1520	381
1547	369
1517	361
1532	361
1551	351
1514	346
1533	343
1541	457
1518	456
1527	444
1497	443
1546	436
1507	426
1171	308
1176	289
1182	321
1189	300
1201	309
1167	319
1137	279
1142	302
1145	286
1157	276
1159	297
1131	349
1133	329
1148	338
1157	320
1161	339
1146	353
1095	334
1096	366
1108	345
1120	334
1118	356
1109	370
1127	375
1133	361
1098	300
1103	316
1106	279
1119	292
1126	310
1091	289
1048	348
1054	335
1060	347
1062	324
1067	363
1070	342
998	414
1003	401
1010	423
1016	403
1033	418
1050	433
1070	427
1051	420
1068	418
1048	404
989	466
1002	453
989	448
1019	440
1040	441
1046	459
1063	442
1083	443
1069	462
996	472
1001	490
1008	472
1033	475
1029	457
1052	473
1051	488
1159	557
1164	550
1180	569
1181	587
1197	565
1162	571
1157	587
1197	584
1123	575
1123	555
1141	562
1142	546
1143	579
986	494
996	515
1008	521
1011	503
1027	495
1028	513
1053	503
1065	514
1066	530
1067	491
1075	506
1025	537
1033	527
1039	540
1048	521
1053	535
993	569
1013	561
1002	552
989	551
1013	546
996	539
1067	552
1070	564
1086	554
1096	571
1097	555
1109	570
1030	559
1047	555
1049	572
1055	567
1057	546
946	504
955	517
968	504
975	516
938	487
938	470
956	483
957	469
973	469
976	485
922	454
926	465
929	447
941	457
942	442
953	452
920	505
930	499
891	495
902	495
920	482
893	479
880	445
893	460
895	434
908	445
910	466
883	525
899	512
903	527
909	536
914	517
920	530
842	541
861	521
868	540
873	507
933	515
933	532
948	534
963	532
955	552
981	527
978	542
975	557
968	565
899	570
873	564
852	556
888	550
921	545
912	550
831	587
816	582
825	569
813	560
816	550
826	548
839	571
835	555
852	596
881	588
868	585
855	579
870	576
883	574
868	597
1268	549
1275	558
1277	537
1289	537
1292	552
1308	546
1314	531
1322	561
1332	540
1337	558
1345	566
1345	550
1317	609
1310	594
1308	579
1307	566
1351	619
1335	617
1344	602
1328	599
1341	582
1326	579
1092	609
1098	629
1101	592
1106	615
1112	623
1114	605
1123	656
1062	624
1065	604
1076	619
1083	634
1083	595
1071	581
1088	580
1035	601
1051	593
1056	583
1033	581
1000	589
1006	579
1008	604
1016	591
1021	573
1023	612
1268	622
1252	616
1267	603
1251	599
1259	589
1234	665
1259	657
1249	655
1234	639
1246	639
1325	670
1342	660
1325	652
1343	647
1329	632
1345	632
1357	643
1357	663
1266	572
1275	584
1287	571
1293	592
1282	608
1281	631
1290	650
1293	670
1305	678
1311	659
1310	642
1298	637
1314	624
1297	619
1320	688
1310	700
1326	709
1342	715
1352	704
1338	693
1340	676
1355	682
1205	628
1208	594
1209	578
1219	646
1176	632
1183	619
1183	646
1192	635
1185	667
1189	686
1190	709
1175	695
1175	726
1158	613
1170	601
1179	603
1196	608
1142	695
1134	686
1153	682
1142	675
1169	680
1158	700
1156	719
1145	714
1172	711
1166	660
1148	655
1137	645
1160	640
1144	628
1126	626
1122	594
1126	605
1131	583
1138	596
879	649
864	643
893	641
880	629
870	624
889	620
895	656
866	701
855	688
865	679
858	673
835	708
827	693
826	680
839	673
846	730
857	726
842	721
867	718
853	709
854	746
867	744
854	737
868	731
586	800
605	799
608	787
585	782
612	843
628	840
617	827
629	820
602	812
625	802
630	764
621	750
600	888
590	888
608	878
592	872
614	860
352	830
339	817
347	806
346	795
360	817
363	843
371	812
374	829
377	803
379	820
357	792
388	845
393	834
396	825
404	843
330	867
344	866
350	858
326	847
344	846
329	835
387	885
389	877
378	871
393	860
376	857
344	881
359	892
361	883
362	871
376	883
339	1048
345	1031
354	1044
359	1026
352	1013
370	1010
347	999
330	998
349	985
327	980
340	968
322	967
369	985
357	972
333	926
345	921
336	908
355	908
360	960
314	958
335	954
348	953
322	944
347	937
375	922
375	907
389	929
397	949
379	946
379	965
385	979
382	998
306	1035
313	1006
317	1022
320	1046
328	1035
331	1015
311	744
320	748
323	761
332	748
294	785
300	857
304	840
316	860
318	839
286	776
303	771
281	760
300	756
278	743
297	740
256	848
261	867
264	880
273	875
311	729
320	728
282	728
302	719
283	708
330	730
315	715
323	707
240	727
329	630
321	608
334	606
321	587
290	645
283	626
268	621
301	614
281	605
299	592
302	656
315	662
336	659
324	652
334	644
311	637
271	674
236	664
229	654
269	654
299	679
311	679
315	690
328	669
329	688
345	668
283	698
301	698
272	693
285	687
267	451
246	447
250	435
271	431
257	427
240	514
254	498
244	495
264	480
248	472
229	499
271	468
219	425
219	389
224	435
232	403
233	421
239	411
229	475
229	461
231	449
190	397
195	406
197	427
213	411
213	400
202	441
206	454
190	470
194	518
197	483
207	506
209	471
216	489
192	527
220	518
147	484
132	483
138	474
136	456
147	453
144	443
170	426
185	415
169	410
179	405
154	461
184	456
165	444
183	437
155	437
154	427
139	508
128	505
128	496
119	494
141	494
120	471
159	478
163	495
174	476
182	499
174	513
151	505
160	669
173	659
150	654
168	646
150	636
159	624
175	622
138	678
113	673
129	658
106	651
120	640
150	706
135	695
115	693
153	692
136	737
152	735
116	728
149	718
136	715
110	711
157	768
140	766
124	764
153	753
114	750
105	761
170	552
177	569
177	584
190	580
186	556
183	543
167	533
179	529
144	596
152	588
158	610
169	608
170	591
180	602
153	544
140	543
133	536
146	530
116	524
109	539
106	552
134	520
156	574
141	567
162	564
134	558
151	555
101	567
104	626
125	626
142	618
108	604
130	604
119	589
134	580
99	581
105	579
