1759	582
1780	579
1721	572
1764	567
1730	558
1725	550
1684	567
1688	581
1704	571
1707	582
1689	618
1710	609
1724	599
1693	597
1679	594
1761	620
1779	612
1751	605
1768	597
1792	594
1646	654
1646	634
1643	626
1645	612
1641	599
1647	583
1651	600
1658	611
1664	594
1673	609
1616	654
1621	623
1624	638
1633	656
1637	641
1608	606
1626	606
1608	586
1626	586
1631	571
1614	570
1586	607
1588	598
1591	627
1599	599
1569	628
1574	640
1608	637
1604	622
1659	637
1665	622
1679	639
1692	643
1699	628
1710	646
1702	658
1717	630
1734	648
1741	631
1754	636
1757	669
1776	664
1784	630
1786	658
1734	710
1738	686
1746	708
1754	685
1770	707
1777	682
1777	744
1759	743
1741	736
1769	725
1749	723
1729	720
1669	703
1673	691
1675	669
1676	656
1689	678
1639	676
1644	704
1654	694
1656	675
1658	710
1643	739
1636	727
1648	717
1627	714
1583	705
1589	693
1607	663
1589	644
1574	756
1583	743
1597	728
1577	728
1586	722
1574	713
1579	678
1559	678
1574	669
1621	669
1557	668
1616	681
1621	689
1629	699
1616	703
1564	768
1549	764
1550	751
1567	743
1544	740
1556	733
1561	703
1539	698
1549	690
1568	688
1541	681
1526	716
1539	710
1539	721
1547	713
1551	721
1565	720
1848	765
1871	749
1842	742
1825	734
1864	734
1868	768
1879	763
1854	755
1854	725
1839	721
1825	715
1846	703
1827	700
1801	674
1812	666
1822	678
1834	677
1799	665
1792	675
1812	723
1790	714
1801	713
1811	703
1794	695
1812	690
1797	764
1790	753
1806	747
1801	733
1757	791
1763	804
1768	800
1778	805
1779	797
1795	805
1769	783
1751	780
1758	772
1780	772
1768	760
1731	820
1744	829
1754	825
1765	823
1744	797
1731	793
1743	770
1748	754
1727	748
1686	818
1687	836
1701	836
1715	829
1710	814
1720	811
1739	808
1654	808
1719	802
1753	808
1762	815
1771	816
1841	796
1873	795
1889	793
1854	785
1869	780
1848	775
1843	813
1857	808
1809	802
1825	800
1883	814
1819	841
1799	836
1823	821
1795	821
1805	818
1830	864
1849	851
1832	845
1845	831
1858	870
1876	862
1872	840
1876	828
1862	821
1783	880
1801	878
1792	868
1810	856
1783	855
1778	849
1759	885
1761	858
1769	868
1773	893
1805	899
1825	898
1844	881
1818	879
1647	843
1648	821
1668	835
1668	815
1669	869
1652	862
1693	853
1678	850
1685	862
1688	868
1625	884
1631	869
1633	828
1638	807
1628	846
1618	860
1682	902
1662	901
1638	899
1650	884
1677	884
1689	886
1648	915
1649	935
1659	946
1664	924
1675	936
1637	954
1621	947
1626	931
1615	918
1630	916
1622	903
1810	933
1823	933
1843	928
1811	918
1841	911
1880	938
1870	923
1859	903
1864	887
1872	882
1839	963
1819	962
1842	950
1807	948
1825	945
1865	947
1867	961
1784	931
1793	920
1778	911
1788	901
1792	942
1786	953
1797	965
1814	973
1817	985
1833	970
1834	980
1842	987
1850	973
1858	991
1870	971
1887	967
1892	982
1874	981
1880	998
1529	753
1522	749
1523	736
1533	736
1519	732
1536	728
1538	754
1472	741
1490	718
1473	706
1474	688
1479	676
1494	743
1471	800
1495	789
1479	781
1483	766
1499	765
1471	663
1488	656
1462	646
1486	633
1467	628
1481	310
1512	313
1517	292
1531	269
1528	251
1404	309
1412	285
1421	307
1427	287
1441	293
1458	317
1469	359
1452	355
1447	338
1477	336
1487	351
1466	479
1424	479
1444	467
1422	457
1464	453
1444	447
1411	484
1416	519
1427	502
1440	524
1445	492
1441	563
1429	559
1416	558
1447	550
1426	545
1381	541
1384	519
1399	565
1404	537
1409	506
1461	523
1463	505
1490	502
1493	476
1496	524
1493	544
1473	556
1482	567
1458	578
1466	601
1469	583
1485	614
1486	587
1498	611
1414	583
1434	577
1445	596
1446	616
1370	568
1372	586
1379	599
1385	605
1392	581
1393	595
1363	613
1370	635
1383	641
1393	634
1394	616
1425	748
1431	773
1444	741
1444	793
1452	761
1458	779
1454	672
1443	653
1422	648
1436	633
1431	722
1458	721
1422	701
1452	697
1431	686
1366	681
1353	661
1383	660
1370	654
1358	648
1208	313
1210	326
1211	348
1232	342
1230	372
1210	369
1151	374
1156	350
1166	374
1170	329
1177	347
1184	373
1159	412
1170	411
1189	410
1179	391
1191	444
1161	434
1173	433
1191	429
1201	453
1224	444
1230	426
1233	405
1219	411
1223	392
1202	441
1242	385
1335	699
1357	698
1376	706
1394	700
1338	791
1305	790
1320	781
1334	771
1308	768
1348	760
1366	781
1358	766
1324	747
1363	745
1371	743
1348	742
1376	752
1398	743
1258	695
1272	703
1283	694
1293	702
1296	691
1306	701
1325	732
1359	720
1324	717
1343	712
1397	717
1384	728
1301	745
1278	735
1303	726
1278	716
1296	715
1254	723
1268	723
1243	714
1256	763
1263	788
1269	770
1283	790
1286	763
1325	816
1355	814
1343	805
1362	799
1364	822
1376	817
1226	756
1235	796
1235	780
1249	786
1249	744
1320	593
1328	598
1338	579
1341	595
1354	596
1353	563
1319	634
1335	628
1349	627
1323	617
1343	610
1342	679
1313	679
1344	666
1318	651
1334	647
1265	660
1269	679
1279	654
1290	678
1291	657
1304	662
1229	575
1238	630
1240	614
1241	621
1241	604
1240	680
1253	664
1233	656
1241	641
1224	640
1258	640
1203	712
1219	699
1199	691
1219	678
1213	772
1192	767
1204	755
1215	741
1194	728
1219	725
1193	784
1211	789
1215	809
1182	586
1197	603
1198	620
1214	610
1218	595
1169	715
1174	670
1178	689
1184	704
1189	669
1184	744
1163	651
1169	637
1177	651
1182	655
1196	644
1203	656
1133	677
1146	667
1132	654
1125	642
1148	637
1116	718
1125	688
1126	728
1131	721
1136	693
1147	690
1110	737
1121	747
1122	714
1047	480
1059	456
1066	476
1073	450
1087	480
1087	464
1122	536
1100	527
1079	526
1087	509
1108	508
1133	586
1080	576
1102	576
1120	573
1110	558
1082	551
1067	565
1046	543
1064	533
1058	511
1054	499
1070	495
1067	592
1072	616
1054	619
1092	595
1095	628
1098	645
1115	621
1116	597
1094	744
1099	722
1091	712
1100	698
1089	688
1090	668
1101	796
1084	789
1102	775
1082	767
1106	757
1090	814
1109	821
1095	840
1078	835
1059	800
1062	785
1056	765
1057	750
1074	741
1064	730
1081	716
1052	714
1075	705
1054	695
1074	684
1039	847
1053	843
1039	819
1066	815
1025	839
1031	863
1050	865
1072	855
1067	870
1048	650
1034	631
1037	605
1048	586
1033	585
1041	571
1034	682
1049	674
1069	660
1028	659
1073	640
1005	434
1042	431
1024	429
1030	420
1013	414
1037	412
1056	417
1061	431
1003	505
1012	491
1012	520
1025	511
1034	494
1039	520
1002	486
1025	482
1012	467
1021	446
1018	542
1026	554
1025	574
1019	569
963	452
965	479
975	474
975	448
976	435
968	553
976	535
956	527
971	514
959	500
1016	585
1005	584
996	565
1003	543
996	668
1003	648
1007	626
993	623
1006	611
996	603
996	737
982	730
968	724
998	717
1016	715
1031	725
1017	737
1041	743
982	707
1006	702
995	695
988	683
973	677
1021	672
1030	700
1025	685
979	655
965	647
985	635
972	623
982	607
946	608
930	601
954	590
932	578
951	576
944	555
910	637
901	626
896	614
911	599
896	579
908	572
925	640
983	779
966	764
977	763
993	750
974	745
959	743
1036	770
1040	792
1024	783
936	660
937	624
941	642
950	684
955	665
932	677
942	700
933	696
964	696
912	512
923	494
933	494
936	512
946	507
949	491
919	562
904	549
928	542
914	535
844	525
853	520
872	518
871	493
846	489
891	514
893	496
881	479
841	543
866	538
876	550
884	567
889	542
894	559
788	561
796	517
809	549
816	566
819	525
822	500
531	437
537	431
492	428
514	421
521	417
540	417
489	442
499	464
515	441
523	462
532	450
541	475
544	450
548	442
553	469
559	462
555	493
541	498
548	507
490	515
514	511
533	509
530	489
515	483
559	523
562	537
566	551
587	556
560	511
521	559
539	559
517	543
535	538
521	771
534	768
506	761
532	754
518	743
529	730
508	723
528	710
515	705
504	703
521	690
504	686
503	820
479	814
516	804
530	788
511	786
459	860
474	856
492	853
459	842
469	832
537	600
548	575
557	595
565	569
591	575
600	599
572	630
540	625
553	613
577	611
555	636
580	641
551	648
531	656
519	668
514	650
523	636
500	631
505	616
500	669
515	626
488	602
514	601
483	584
500	582
525	581
511	573
491	649
473	635
486	620
462	617
461	680
443	673
476	664
454	658
457	781
462	807
472	777
478	793
489	773
484	721
461	715
477	706
451	698
462	694
481	686
423	717
424	690
426	738
438	705
442	726
436	813
444	848
487	757
494	746
474	742
457	733
469	758
442	749
418	755
412	785
423	769
430	788
444	793
444	770
407	730
388	726
390	712
405	703
378	743
378	761
390	765
395	787
395	749
450	583
421	574
402	569
446	567
429	561
413	549
425	538
438	529
414	524
431	521
431	649
467	648
448	634
431	627
441	609
463	594
396	511
425	506
410	495
425	485
437	488
453	493
441	508
453	515
470	505
392	476
424	468
407	465
396	447
424	446
409	437
459	460
441	471
453	447
380	518
367	503
384	495
369	484
365	521
377	542
392	536
389	555
360	470
382	465
350	460
357	453
370	448
351	447
286	583
288	559
269	548
295	543
313	601
332	600
301	594
328	588
318	581
304	578
327	565
307	557
308	538
306	520
292	528
273	528
273	515
293	511
279	500
294	493
302	642
324	637
315	619
331	614
312	670
321	660
339	651
336	627
291	654
288	630
268	616
295	611
277	601
263	596
259	497
260	483
263	506
272	491
227	523
250	518
235	504
248	490
244	567
217	554
253	553
231	548
239	539
253	536
247	578
260	569
259	583
400	364
413	351
388	346
396	333
204	331
209	377
220	358
364	384
368	356
378	375
394	387
413	401
421	376
436	391
440	377
419	425
451	422
399	419
437	414
221	428
196	426
203	407
223	407
197	393
229	391
361	432
384	428
354	425
384	407
362	406
165	365
172	348
177	331
180	365
194	323
197	350
151	381
155	418
157	399
176	414
178	402
180	388
175	433
148	436
128	433
118	414
132	411
133	391
117	390
127	368
151	358
115	349
135	347
154	339
137	328
171	571
171	551
178	530
191	563
198	541
200	524
187	459
202	457
166	449
193	444
210	444
188	507
162	504
193	483
150	470
172	466
131	518
141	537
152	547
152	521
130	479
113	477
127	462
121	451
141	451
120	497
144	493
165	487
