1931	689
1939	684
1933	670
1922	658
1835	806
1851	800
1871	788
1837	785
1851	780
1862	772
1884	748
1900	743
1883	729
1888	675
1904	670
1857	743
1867	735
1866	659
1867	643
1913	835
1917	810
1919	796
1910	783
1914	764
1918	743
1930	827
1925	850
1899	807
1883	804
1893	787
1899	766
1884	765
1896	824
1888	846
1904	853
1858	830
1843	821
1874	819
1857	816
1873	840
2002	500
2002	487
2017	484
2019	508
2037	494
2040	510
2034	529
1909	509
1911	490
1971	519
1987	513
1989	498
1833	509
1859	504
1873	490
1881	506
1886	478
1896	493
1827	531
1847	520
1856	534
1869	535
1881	517
1888	536
1845	536
1902	561
1929	561
1912	551
1924	546
1918	536
1904	532
1847	568
1838	566
1862	553
1845	551
1836	547
1895	598
1892	582
1879	567
1882	551
1898	518
1868	626
1855	623
1880	612
1862	602
1850	585
1866	581
1731	492
1743	480
1744	499
1754	479
1754	495
1721	473
1738	468
1757	455
1729	454
1739	446
1713	505
1716	524
1731	512
1751	523
1762	511
1699	512
1704	486
1700	466
1709	453
1691	624
1707	622
1703	610
1690	597
1711	594
1713	639
1717	614
1721	628
1726	609
1732	619
1719	656
1725	640
1699	582
1717	579
1718	560
1697	556
1714	544
1696	533
1746	558
1732	548
1757	544
1747	540
1732	534
1683	676
1705	675
1686	662
1697	641
1692	638
1705	656
1729	575
1743	581
1749	598
1761	566
1762	586
1765	603
1795	594
1789	574
1773	568
1792	611
1795	629
1804	625
1804	612
1809	634
1740	630
1751	659
1753	617
1769	624
1777	645
1758	672
1770	686
1782	668
1761	639
1662	614
1667	596
1675	631
1676	648
1676	612
1663	629
1663	641
1661	650
1669	659
1626	585
1629	608
1640	589
1647	606
1652	588
1604	610
1595	597
1611	586
1589	581
1559	585
1561	600
1571	628
1574	600
1575	650
1643	674
1649	658
1636	647
1651	635
1648	624
1622	674
1621	661
1590	644
1616	633
1591	625
1621	621
1651	712
1619	711
1635	706
1655	696
1632	694
1634	724
1649	728
1679	544
1667	529
1681	523
1674	507
1661	504
1690	502
1687	492
1661	489
1674	487
1683	474
1626	552
1627	569
1640	557
1640	574
1665	554
1680	569
1676	579
1665	576
1592	535
1608	539
1613	525
1625	529
1658	540
1557	567
1572	570
1572	553
1590	547
1593	559
1608	565
1638	814
1642	799
1655	809
1655	797
1656	826
1670	813
1614	834
1616	814
1623	818
1624	800
1632	831
1573	703
1556	695
1549	686
1557	677
1583	666
1599	671
1607	691
1594	703
1591	685
1587	734
1573	732
1560	725
1588	717
1570	716
1608	721
1623	735
1522	773
1533	764
1538	773
1542	753
1556	745
1557	782
1558	764
1574	774
1578	756
1587	761
1384	796
1397	811
1404	793
1418	809
1419	795
1430	810
1545	802
1532	789
1550	794
1442	823
1453	834
1453	791
1454	806
1461	821
1485	814
1482	826
1477	799
1364	836
1368	872
1374	852
1378	836
1380	819
1384	869
1391	846
1399	831
1412	824
1419	851
1424	826
1400	856
1410	873
1392	881
1206	670
1198	665
1224	664
1223	652
1199	652
1213	650
1199	637
1216	637
1227	635
1190	624
1219	623
1209	622
1220	692
1203	684
1220	683
1212	681
1212	704
1224	711
1227	701
1221	723
1189	612
1204	612
1170	605
1202	599
1218	609
1156	635
1164	629
1164	622
1172	625
1175	636
1128	654
1143	648
1132	647
1143	637
1144	672
1130	666
1120	662
1152	661
1136	659
1160	675
1177	669
1181	656
1164	648
1162	703
1169	684
1172	704
1178	689
1184	710
1394	782
1159	760
1171	755
1162	745
1174	738
1166	729
1173	728
1194	728
1158	719
1170	719
1133	713
1148	705
1136	697
1155	690
1140	684
1138	735
1145	722
1145	746
1152	732
1132	749
1145	762
1115	692
1120	702
1126	692
1128	681
1128	702
1122	715
1130	726
1127	741
909	697
928	683
949	617
946	607
958	613
925	747
946	743
889	739
903	736
921	732
908	722
835	732
842	752
846	719
857	728
865	718
842	660
846	676
859	675
860	694
834	696
849	703
814	704
860	708
807	736
813	758
823	745
830	761
816	679
830	672
796	668
786	666
804	651
824	649
806	724
819	721
798	712
780	690
645	694
665	688
652	678
651	663
665	660
660	642
640	639
665	623
640	618
671	601
655	598
643	722
665	719
686	715
651	707
677	705
678	728
663	735
650	737
624	737
608	732
588	728
622	722
598	711
617	710
607	767
615	754
597	747
614	744
559	715
560	734
571	713
576	737
580	755
568	761
584	773
581	501
554	499
554	487
586	479
564	476
618	499
594	499
571	486
614	481
602	513
611	536
624	518
639	515
644	535
594	527
546	513
551	535
561	513
568	546
574	531
585	518
591	544
580	543
650	581
667	581
639	565
653	565
663	563
649	552
577	558
587	575
604	559
607	596
618	575
619	554
630	593
604	679
612	669
619	694
631	682
632	705
618	623
595	621
581	613
602	612
607	628
623	608
613	642
604	653
630	656
567	697
572	673
583	695
588	667
590	683
597	680
559	645
560	632
569	652
570	632
586	652
587	635
562	684
511	682
524	681
557	667
524	665
519	723
525	713
532	701
512	699
523	693
507	713
525	578
529	556
541	590
543	575
551	553
563	578
506	494
495	489
495	475
490	463
504	448
497	446
502	551
534	538
498	515
488	505
473	506
480	481
475	469
481	451
462	380
478	374
485	366
472	361
461	346
510	405
503	401
497	378
511	371
500	365
500	433
495	432
490	421
512	419
504	415
485	437
472	429
473	410
485	404
471	390
485	388
437	371
412	369
455	359
442	352
388	378
381	394
426	410
459	409
441	404
426	390
443	385
419	452
439	421
440	436
444	450
457	445
458	428
458	469
466	456
366	475
359	466
380	463
366	457
380	447
371	501
357	498
377	489
367	488
353	486
431	499
317	500
330	505
332	491
341	485
344	500
306	513
319	513
339	520
385	478
387	495
392	462
395	453
407	483
385	513
403	506
396	490
397	527
423	603
424	615
435	594
448	599
350	543
356	528
366	537
368	524
381	535
383	548
401	565
418	561
394	554
406	554
426	552
404	541
426	540
442	529
420	528
430	517
447	542
449	556
436	568
422	581
447	579
311	550
317	528
321	561
328	541
332	561
340	555
318	581
286	566
292	550
299	538
299	570
301	553
298	586
387	590
393	572
394	602
399	583
410	597
410	574
403	622
392	617
