1872	801
1888	788
1913	783
1870	768
1918	758
1763	801
1751	797
1737	788
1769	776
1745	767
1837	817
1852	806
1834	800
1852	783
1829	778
1847	761
1726	837
1753	831
1701	831
1719	819
1740	817
1933	846
1910	845
1893	838
1886	822
1925	822
1905	814
1925	1044
1902	1043
1912	1024
1896	1019
1911	1001
1927	998
1821	960
1834	940
1821	929
1837	911
1855	873
1855	826
1910	981
1902	967
1927	959
1900	939
1927	929
1908	916
1920	897
1943	897
1945	877
1922	874
1865	924
1885	922
1888	892
1874	875
1888	861
1865	850
1847	1056
1851	1043
1854	998
1860	973
1858	1072
1857	1092
1894	1100
1908	1084
1922	1067
1902	1062
1874	1035
1875	1004
1885	983
1872	946
1876	1058
1882	1087
1916	528
1922	500
1944	516
1980	513
1871	480
1896	481
1896	449
1913	468
1949	490
1936	465
1984	496
1999	491
1863	463
1864	524
1865	540
1868	551
1886	543
1889	530
1892	514
1868	508
1830	502
1818	499
1853	480
1839	477
1851	508
1808	523
1818	547
1821	520
1837	547
1843	526
1680	650
1685	672
1708	664
1724	673
1737	624
1718	646
1618	735
1633	729
1670	713
1672	736
1692	710
1747	737
1866	741
1896	747
1590	768
1607	758
1623	761
1630	756
1638	757
1709	749
1582	659
1583	606
1599	634
1600	605
1607	666
1582	681
1585	698
1621	693
1608	681
1563	711
1534	706
1549	694
1530	681
1548	667
1531	650
1516	626
1524	610
1542	631
1555	611
1574	632
1512	732
1513	714
1541	728
1567	735
1504	759
1520	776
1524	753
1542	770
1557	754
1660	608
1665	583
1684	566
1653	636
1681	622
1709	623
1651	483
1656	447
1666	500
1676	463
1679	486
1690	496
1675	422
1648	421
1662	401
1649	373
1661	346
1703	400
1681	383
1708	368
1674	362
1655	526
1678	521
1714	512
1636	511
1714	549
1717	569
1721	580
1721	595
1696	592
1644	568
1607	566
1630	544
1601	532
1607	513
1624	586
1607	593
1618	618
1614	640
1617	479
1596	456
1627	451
1616	431
1589	428
1596	286
1638	286
1576	266
1623	266
1646	255
1613	238
1602	328
1635	326
1580	313
1628	309
1530	348
1554	348
1571	339
1560	328
1570	290
1606	396
1633	392
1586	376
1612	374
1586	352
1617	352
1510	933
1503	916
1518	913
1506	903
1518	895
1539	924
1559	920
1547	901
1503	979
1528	973
1516	962
1494	960
1537	950
1549	961
1561	940
1596	900
1599	925
1607	911
1619	899
1581	885
1602	862
1604	879
1610	889
1633	874
1661	862
1601	789
1604	811
1622	796
1628	816
1634	775
1508	812
1520	795
1548	823
1557	791
1564	817
1577	801
1633	858
1558	856
1566	840
1619	838
1588	835
1656	846
1662	828
1641	826
1440	871
1462	856
1467	879
1577	866
1447	840
1492	876
1434	917
1447	936
1464	902
1476	943
1481	909
1566	463
1565	446
1550	437
1566	406
1540	402
1552	373
1449	504
1431	503
1451	485
1523	380
1572	522
1553	499
1580	492
1542	481
1445	582
1450	560
1434	548
1456	545
1449	528
1535	590
1569	578
1544	561
1560	556
1579	551
1342	688
1370	686
1371	661
1341	654
1330	643
1362	640
1292	689
1258	689
1322	676
1282	671
1257	665
1278	761
1297	757
1316	740
1296	736
1302	720
1316	698
1396	766
1396	748
1396	729
1411	741
1411	730
1341	785
1349	766
1356	751
1359	766
1374	760
1301	862
1302	834
1318	849
1339	854
1359	861
1378	851
1385	865
1405	853
1406	873
1423	856
1425	892
1310	897
1318	874
1318	920
1332	917
1341	900
1341	879
1345	931
1357	912
1363	890
1366	933
1383	910
1384	883
1385	938
1399	924
1400	902
1423	940
1376	551
1392	580
1402	550
1407	571
1415	525
1426	563
1428	583
1396	635
1371	633
1375	623
1406	619
1390	602
1413	599
1342	626
1346	579
1346	604
1367	579
1368	600
1365	567
1271	576
1280	563
1261	555
1285	548
1267	529
1286	520
1301	644
1279	635
1291	618
1265	614
1254	596
1292	590
1277	487
1248	484
1272	464
1251	454
1200	588
1205	567
1209	616
1214	599
1230	576
1236	617
1233	674
1222	661
1224	642
1251	634
1201	647
1204	677
1197	699
1178	713
1178	690
1183	660
1194	724
1240	550
1209	536
1214	516
1237	514
1176	557
1186	551
1152	558
1142	639
1168	639
1188	616
1154	614
1162	592
1184	590
1123	660
1125	709
1137	680
1155	661
1158	706
1138	731
1157	730
1128	767
1123	796
1094	826
1117	822
1075	804
1102	801
1107	780
1088	779
1082	875
1102	866
1079	858
1100	848
1100	761
1076	756
1061	751
1113	749
1066	731
1085	730
1112	728
1097	705
1077	699
1107	680
1044	815
1048	770
1049	842
1052	798
1059	814
1065	772
1072	835
1056	866
852	653
847	638
873	633
850	618
896	615
876	613
847	593
864	592
886	588
866	567
840	569
812	564
797	559
818	551
848	550
826	534
793	622
820	609
797	596
814	584
748	572
751	606
770	593
771	570
780	614
787	574
735	646
765	638
784	650
797	651
810	633
826	644
723	525
744	535
749	552
766	550
784	699
792	670
800	701
812	702
816	665
819	689
836	698
839	667
756	710
727	706
740	686
711	677
762	668
728	665
776	729
737	729
805	726
824	723
779	797
806	794
771	777
807	776
754	754
793	748
818	757
719	592
689	591
692	564
717	562
696	544
720	542
681	618
686	644
699	657
707	641
717	616
631	750
648	724
593	722
617	714
679	701
645	689
602	743
677	745
717	723
656	667
627	662
571	611
599	608
562	547
569	530
572	590
578	570
601	591
682	859
695	863
712	845
729	860
702	891
670	895
680	921
670	812
643	810
625	797
658	795
703	806
613	844
624	828
634	870
650	843
658	866
671	838
683	829
590	760
611	764
615	782
641	777
670	760
675	781
730	759
555	867
557	892
562	826
585	854
592	817
603	884
532	810
542	773
550	807
558	785
575	802
580	780
552	731
563	716
519	706
554	690
572	662
538	657
553	751
518	731
515	568
516	523
516	543
543	527
549	562
503	650
533	638
514	623
537	603
503	489
454	479
474	460
516	456
445	440
539	489
470	582
451	565
480	555
443	524
474	519
439	502
443	699
456	594
478	627
488	686
494	598
458	721
483	736
437	747
709	969
680	967
655	959
687	945
709	941
712	913
733	941
734	971
690	1030
718	1022
654	1020
689	999
715	994
655	989
744	1000
748	1025
713	1047
616	947
652	934
613	933
644	924
596	910
638	900
500	947
543	948
567	921
584	947
595	969
613	970
632	1001
638	970
489	994
454	984
434	983
476	966
418	959
444	955
526	991
515	964
472	1035
501	1021
436	1011
463	1011
462	817
465	791
500	822
500	791
486	900
462	886
527	872
511	856
486	849
535	841
521	899
522	922
547	914
398	861
440	850
420	818
399	812
434	795
406	791
471	931
402	928
446	923
433	901
389	900
367	421
379	394
382	454
412	409
317	457
329	418
330	382
346	391
346	457
288	514
311	516
336	491
340	527
352	504
381	486
364	478
243	441
245	474
268	488
271	457
287	491
287	433
231	403
265	402
303	401
231	373
307	372
275	371
257	639
279	630
349	626
309	619
334	607
292	602
328	639
383	622
414	648
292	708
338	695
323	672
262	658
367	656
390	658
407	684
380	697
368	711
213	740
242	743
244	684
258	719
273	743
273	682
332	767
393	764
298	763
360	741
324	729
416	742
331	841
333	872
351	808
352	847
365	870
380	836
292	1004
302	973
313	941
336	994
349	959
381	950
359	910
319	902
292	905
283	833
295	788
297	859
299	811
227	805
274	803
256	792
212	788
269	769
237	766
224	1051
243	1049
210	1023
258	1022
186	964
222	981
250	988
273	954
160	740
181	715
153	710
185	687
145	680
202	710
88	708
105	681
118	739
122	707
132	766
81	744
56	701
42	690
72	678
53	664
79	651
68	781
93	767
85	798
40	734
33	712
6	710
20	689
28	767
11	745
20	549
36	524
5	522
30	503
61	544
62	502
95	552
99	517
112	508
119	548
53	593
133	592
109	588
83	577
53	565
156	580
174	574
189	594
166	605
49	635
70	635
97	622
65	609
120	649
159	646
194	632
130	621
194	655
5	660
34	657
14	637
29	609
8	594
24	584
