1979	367
1961	352
1996	348
1995	332
1974	330
1920	398
1961	393
1939	388
1931	371
1952	371
2004	366
2004	391
2025	350
2031	403
2033	376
1992	413
2018	420
1943	426
1909	418
1964	415
1924	412
1943	407
1968	435
1935	474
1945	446
1950	482
1957	461
1967	471
1977	450
1905	444
1907	472
1919	469
1924	435
1925	486
1930	454
2008	568
1984	553
2013	547
1986	538
2007	528
2033	538
2033	572
2034	554
2043	520
2036	593
2044	581
2042	620
1969	574
1976	600
1979	621
1988	586
1994	610
1996	626
2002	649
2013	635
2016	591
2025	618
2031	643
1810	675
1822	654
1829	690
1843	672
1848	656
1864	663
1818	706
1837	711
1798	637
1821	633
1781	625
1835	612
1797	610
1844	588
1846	571
1860	556
1839	555
1843	531
1859	526
1774	601
1791	589
1779	575
1762	573
1771	556
1701	537
1710	522
1732	540
1746	542
1749	520
1759	530
1758	547
1874	642
1850	640
1863	619
1866	599
1853	693
1793	538
1796	550
1806	569
1818	526
1822	543
1823	568
1818	586
1713	585
1739	584
1739	558
1716	558
1692	555
1790	654
1794	687
1797	708
1801	658
1814	440
1783	425
1795	423
1791	409
1746	445
1759	461
1765	480
1792	453
1797	480
1747	497
1704	320
1710	349
1731	333
1732	362
1697	398
1709	380
1729	405
1749	379
1759	414
1778	392
1707	415
1691	441
1692	482
1714	433
1719	469
1719	491
1708	502
1701	490
1703	477
1576	450
1594	440
1617	440
1596	427
1610	423
1659	478
1680	466
1650	459
1642	445
1660	436
1680	518
1650	516
1682	500
1662	496
1612	503
1596	494
1594	475
1592	456
1612	456
1629	478
1618	521
1601	536
1591	575
1610	570
1619	561
1632	543
1638	580
1651	595
1652	561
1669	591
1673	546
1682	569
1665	569
1627	350
1626	317
1656	314
1635	288
1664	284
1668	360
1676	332
1683	303
1687	360
1578	311
1580	293
1581	347
1598	316
1604	293
1598	363
1574	370
1609	387
1633	426
1665	417
1641	411
1673	389
1646	387
1009	278
1015	260
1026	288
1043	251
1044	285
1057	273
1020	229
1002	226
1034	209
1012	204
995	191
1028	186
995	256
975	248
953	246
1004	242
957	283
979	282
931	271
972	264
1011	175
983	172
967	164
1005	158
920	196
970	187
1060	400
1037	397
1038	377
1061	364
1030	355
1042	480
1037	455
1066	453
1067	431
1047	427
944	303
946	331
967	312
968	337
987	327
1007	345
1010	304
1028	321
1040	338
1050	305
917	352
924	355
947	351
980	355
994	414
998	374
1015	424
1016	397
1018	381
1014	455
991	442
1013	482
1080	349
1084	374
1085	408
1101	357
1104	414
1108	377
914	247
918	232
920	223
929	217
884	317
866	313
889	302
870	293
914	303
907	324
909	335
879	274
909	272
860	257
887	246
899	227
878	222
820	235
823	267
833	251
840	216
846	278
850	231
851	297
1336	542
1285	532
1321	523
1302	514
1315	506
1340	511
1355	534
1370	522
1366	558
1309	589
1260	565
1317	561
1285	558
1270	547
1342	577
1376	585
1204	532
1222	577
1228	545
1233	510
940	580
943	558
960	558
971	580
994	565
863	587
895	581
883	565
859	565
891	545
813	589
830	584
806	566
829	559
801	552
934	606
983	599
993	599
961	596
1243	600
1269	593
1289	599
1351	602
1395	602
818	450
791	442
828	427
806	418
827	403
798	401
897	481
878	471
903	462
880	448
907	441
885	423
790	495
823	491
795	484
835	475
808	470
825	470
840	444
843	428
852	462
856	414
858	436
853	482
849	510
869	499
907	530
871	528
902	503
923	497
813	540
844	535
824	518
800	507
934	659
956	653
936	637
962	616
895	705
916	709
931	702
941	711
944	697
962	707
860	649
900	636
865	630
870	605
883	598
909	621
914	651
900	665
882	661
836	692
804	687
825	679
848	677
922	678
882	679
899	690
957	682
981	691
796	596
805	612
821	608
847	598
791	661
810	654
844	651
822	637
798	633
843	623
1354	651
1405	644
1360	632
1389	632
1413	627
1388	715
1410	688
1382	685
1405	662
1375	659
1357	709
1386	730
1306	638
1306	614
1327	625
1330	652
1322	672
1349	675
1336	695
1213	641
1218	613
1220	631
1241	654
1247	637
1260	622
1260	650
1273	661
1282	630
1289	622
978	643
985	616
989	674
1002	619
1003	645
1218	782
1231	777
1232	821
1240	797
1256	820
1230	922
1217	919
1247	909
1225	901
1247	882
1264	879
1242	863
1215	852
1228	845
1248	840
1196	919
1178	902
1199	897
1214	877
1183	877
1184	813
1207	811
1171	799
1197	792
1175	781
1189	773
1173	857
1189	854
1158	836
1176	832
1201	832
1739	632
1701	628
1719	618
1741	614
1700	606
1739	600
1719	599
1714	670
1737	656
1698	655
1717	643
1684	637
1648	823
1599	822
1622	816
1677	808
1657	800
1699	810
1632	855
1642	874
1665	851
1671	883
1641	613
1648	631
1633	639
1588	888
1614	875
1594	853
1616	836
1706	898
1694	883
1703	865
1696	836
1586	916
1629	902
1604	902
1571	901
1650	931
1677	927
1701	923
1653	911
1697	909
1682	908
1634	1051
1640	1020
1649	1060
1650	1033
1658	1042
1615	962
1574	952
1590	946
1637	945
1613	933
1629	1004
1581	1002
1600	990
1627	982
1580	970
1592	965
1652	999
1671	980
1650	975
1668	960
1657	1003
1661	1010
1584	1031
1593	1019
1604	1044
1612	1024
1622	1036
1604	1064
1624	1067
767	411
773	434
778	457
780	414
780	483
754	433
754	406
760	447
760	424
760	415
701	435
710	424
718	437
718	417
726	432
729	447
691	485
697	462
706	482
736	478
739	462
668	405
676	452
676	431
692	412
629	445
638	417
653	436
660	417
664	491
625	488
640	487
644	477
609	491
616	482
661	525
641	525
674	516
654	507
673	502
691	527
728	524
708	513
691	505
596	535
626	505
611	504
602	503
698	765
714	740
729	774
732	754
692	730
628	539
630	561
638	548
651	542
654	559
642	578
669	544
676	554
730	570
742	563
718	557
734	545
713	535
743	534
716	581
695	575
694	555
580	580
584	557
597	581
606	594
608	561
615	583
636	770
648	754
659	769
661	750
676	770
681	751
674	793
682	811
697	815
699	785
729	804
746	782
632	795
636	820
651	787
652	809
403	573
383	565
381	544
402	537
367	519
474	622
458	618
471	608
490	579
463	578
471	554
500	558
424	612
426	635
428	661
440	597
453	643
442	571
451	549
391	621
393	661
400	601
403	635
343	638
348	650
356	627
368	602
373	638
363	672
448	716
477	705
489	722
499	711
448	741
423	752
424	814
433	786
444	758
358	748
369	728
380	741
388	755
390	727
405	743
364	754
348	724
414	723
361	701
390	698
418	696
343	779
370	785
371	807
387	827
400	807
409	781
340	686
457	681
477	656
489	682
501	482
508	537
516	507
527	536
534	498
458	524
459	472
470	487
484	503
485	533
669	472
622	468
418	460
645	459
635	467
351	515
385	514
408	503
372	487
345	484
406	479
337	456
351	434
359	458
378	440
391	456
391	427
259	830
234	823
256	805
257	780
235	763
252	752
179	752
201	731
203	752
232	737
278	801
288	794
276	776
296	765
274	751
175	828
203	823
185	805
218	799
198	787
174	783
241	917
246	893
262	874
240	853
253	937
247	950
189	875
209	866
186	852
217	848
219	885
233	873
214	910
224	938
198	875
273	905
291	905
292	881
270	847
278	830
278	933
240	693
250	719
269	698
275	728
283	711
184	667
209	667
230	676
236	658
278	658
284	674
188	712
223	711
201	698
181	691
197	687
212	685
132	674
135	691
147	659
149	679
157	666
150	699
191	580
240	568
177	567
196	561
228	549
185	548
296	580
286	551
259	554
149	553
158	576
159	604
166	556
173	536
168	589
120	634
137	623
110	619
120	594
136	593
144	638
121	608
166	636
182	621
216	648
183	647
197	644
217	622
199	598
263	629
284	627
251	596
279	598
131	480
135	461
150	474
152	491
167	483
128	533
148	532
137	515
161	515
174	504
121	498
75	492
91	462
102	476
107	440
112	455
97	500
108	516
42	530
61	530
73	517
46	517
61	507
132	575
108	573
100	557
120	555
105	541
96	645
96	669
106	662
113	685
123	654
122	701
55	571
37	559
62	554
46	547
32	626
36	614
59	613
50	606
67	595
46	589
33	636
29	574
11	557
28	540
6	517
21	499
8	496
6	616
21	614
29	600
9	595
11	634
19	656
3	652
8	672
14	474
4	473
4	452
10	434
14	418
11	399
3	391
20	384
9	369
18	343
1	335
16	324
3	295
14	283
3	259
1	319
