1948	291
1977	289
1968	272
1986	343
1954	332
1988	323
1942	312
1968	305
1988	388
1997	367
1954	366
1973	374
1970	357
1940	351
1921	320
1601	339
1918	344
1921	293
1906	375
1922	369
1591	360
1904	354
1608	360
1934	383
1596	379
1592	393
1605	379
1810	391
1562	355
1536	335
1549	343
1582	334
1564	333
1569	376
1521	374
1545	371
1536	362
1577	356
1567	392
1576	389
1525	389
1550	387
1581	376
1935	414
1978	405
1956	395
1961	453
1941	453
1966	434
1962	417
1949	432
1926	430
1991	491
1925	472
1966	484
1987	478
1949	475
1968	466
1916	417
1873	417
1817	413
1924	398
1859	398
1905	396
1832	451
1859	448
1868	434
1824	434
1904	425
1857	420
1901	472
1818	489
1882	472
1921	484
1892	484
1839	470
1526	425
1582	423
1541	410
1561	408
1580	405
1798	420
1554	470
1533	465
1809	451
1801	436
1560	438
1539	440
1646	493
1778	495
1804	492
1541	490
1776	480
1804	472
1987	516
1978	501
1954	501
1985	544
1990	533
1960	541
1973	531
1946	522
1969	517
1972	554
1947	566
1987	560
1960	593
1986	580
1964	577
1911	522
1782	517
1819	509
1914	503
1932	504
1770	505
1776	560
1794	558
1940	550
1923	544
1786	545
1926	523
1783	599
1811	584
1781	577
1793	574
1928	572
1805	571
1641	532
1550	520
1649	514
1535	512
1565	510
1552	501
1570	564
1603	552
1637	550
1532	549
1561	539
1538	535
1579	608
1635	599
1619	583
1643	581
1768	577
1605	567
1421	322
1426	287
1432	268
1506	377
1446	376
1428	373
1518	363
1504	362
1422	348
1476	400
1438	398
1491	396
1454	395
1492	379
1483	379
1059	285
1052	227
1410	260
1059	249
1069	264
1399	280
1385	391
1415	358
1410	340
1401	321
1408	303
1391	302
1080	405
1035	405
1395	404
1062	396
1417	395
1077	391
641	363
729	359
663	360
1025	357
683	349
711	356
664	385
702	383
988	376
733	376
1007	364
681	374
1022	391
727	391
678	396
997	388
766	402
754	391
1452	418
1491	417
1516	409
1511	455
1432	450
1495	453
1449	438
1508	430
1433	422
1517	490
1450	460
1501	475
1432	474
1414	467
1454	483
1076	417
1050	409
1064	415
755	415
998	406
1014	411
747	430
1034	429
1051	428
1014	428
773	422
1408	420
762	472
781	486
777	464
758	450
1411	446
766	435
722	434
700	432
684	420
734	412
704	409
666	408
630	464
646	460
736	457
708	453
630	443
679	439
746	486
682	491
716	489
733	476
633	475
717	474
1465	518
1495	508
1445	497
1455	549
1466	540
1499	535
1516	535
1455	521
1513	518
1091	600
1057	605
1067	589
993	585
1080	583
1445	571
842	547
821	534
830	517
859	525
855	502
899	516
963	578
842	572
978	577
873	571
821	557
860	555
963	607
860	607
827	599
849	597
862	592
980	591
759	521
637	512
684	511
726	505
639	492
766	497
780	560
763	557
798	552
805	538
637	532
736	527
809	608
762	605
792	590
776	586
630	585
808	582
618	434
594	431
601	414
600	467
576	466
559	462
601	450
568	451
571	434
618	490
573	492
565	492
603	483
581	482
563	476
558	445
297	424
287	410
296	376
302	362
291	394
481	479
462	470
442	467
427	464
446	451
302	447
430	483
290	495
407	489
500	489
456	486
378	489
276	392
256	380
280	375
259	367
231	360
277	355
147	456
282	454
153	448
267	442
270	412
259	398
90	494
259	493
186	492
142	490
266	472
286	478
496	505
480	501
507	498
616	529
490	528
610	511
471	527
580	511
461	508
594	533
440	542
584	544
465	544
580	530
447	529
372	510
394	508
432	506
414	505
278	502
253	506
390	528
274	527
427	527
410	525
257	523
286	518
309	538
419	540
270	545
331	544
293	532
357	529
200	508
156	508
69	508
226	505
133	505
175	501
229	527
74	525
213	523
97	518
181	517
11	510
10	545
58	542
250	540
13	531
45	529
4	528
582	553
630	551
491	548
515	585
607	580
584	575
562	572
624	569
605	559
510	602
559	600
517	599
618	597
571	590
592	596
468	563
387	563
455	559
435	559
414	554
394	547
394	584
478	578
459	577
375	576
420	573
402	569
387	603
439	607
480	600
372	599
464	599
443	589
327	561
344	553
307	561
255	551
63	557
366	555
71	580
49	578
274	565
293	563
349	570
83	563
357	594
311	599
6	604
336	585
306	582
321	581
1154	627
1605	610
1200	627
1624	618
1201	644
1620	640
1573	636
1182	635
1598	633
1218	655
1747	655
1180	654
1599	650
1163	645
1054	620
1125	619
1103	619
1071	612
1139	614
1102	641
1134	637
1043	636
1087	625
1065	633
1144	657
1121	656
1071	655
1050	654
1087	648
830	633
806	632
791	613
993	626
991	612
783	649
977	645
859	636
787	635
980	633
980	660
804	656
1033	657
963	652
997	650
1737	664
1233	663
1766	660
1736	690
1232	686
1777	682
1733	677
1780	665
1746	673
1743	706
1264	699
1783	709
1237	702
1249	702
1771	697
1226	671
1158	670
1179	670
1086	667
1200	663
1102	660
1213	687
1067	685
1008	685
1050	682
1031	677
1132	674
1141	691
1216	707
1003	701
1165	696
1187	709
1187	687
806	679
969	674
996	668
783	667
966	664
844	660
846	693
971	688
785	684
850	682
835	682
986	682
814	705
794	694
857	706
834	702
981	700
962	696
1772	714
1234	712
1248	712
1246	746
1260	735
1247	728
1743	722
1233	731
1265	714
1232	809
1251	805
1243	785
1218	779
1249	764
1226	755
1171	722
840	718
1144	717
976	713
1157	710
993	714
1169	747
850	739
1157	731
1191	731
1217	728
856	725
873	758
1196	800
1213	798
1193	783
1206	757
1182	755
778	747
832	741
810	735
792	741
799	716
780	712
828	795
782	788
802	787
789	764
815	760
833	768
798	858
824	815
819	834
806	811
835	828
797	826
769	629
713	620
752	623
740	674
720	668
762	660
707	659
727	645
747	638
724	687
766	730
761	706
769	686
720	714
754	684
627	645
660	631
648	616
633	630
699	639
631	609
656	678
691	656
627	663
704	675
690	673
672	659
633	731
674	730
637	688
641	697
631	716
704	703
592	640
609	614
559	627
584	628
614	627
571	613
566	675
584	657
611	662
557	652
609	644
571	640
557	728
569	716
624	707
581	705
591	683
564	694
756	758
754	745
736	745
747	789
763	783
736	777
743	760
769	769
724	759
738	831
772	819
754	820
740	810
773	801
758	799
698	776
675	765
716	740
659	740
701	754
684	745
703	805
705	792
673	792
718	791
688	791
709	776
720	814
711	830
674	833
658	813
696	834
684	810
582	767
643	760
624	757
611	747
593	741
606	731
584	795
653	789
622	787
651	774
629	772
603	770
634	810
611	806
648	831
611	819
620	839
600	798
750	854
773	844
725	845
757	896
722	887
747	879
765	879
763	864
729	862
736	973
758	952
742	951
729	923
751	923
740	903
689	887
704	873
672	879
688	865
698	855
681	853
688	930
675	913
692	910
668	896
711	908
702	892
702	965
699	945
715	940
677	937
719	964
663	937
646	880
600	870
601	842
634	861
611	858
661	856
636	914
639	900
622	905
601	912
612	902
620	885
620	946
656	915
646	953
634	935
632	959
617	923
471	618
555	614
518	612
480	654
506	639
467	635
442	632
455	623
508	618
482	696
462	694
434	683
547	679
535	675
460	660
373	633
349	625
396	614
419	613
361	615
383	618
428	657
337	654
387	642
350	642
415	638
394	633
357	662
342	675
366	684
346	694
384	680
382	659
78	632
318	627
309	614
328	609
85	623
335	631
87	668
99	663
92	650
318	647
88	637
11	632
74	688
64	698
324	692
88	688
72	675
318	673
527	717
549	704
531	699
503	742
522	742
536	731
457	729
478	728
509	719
509	791
473	770
526	768
547	752
465	749
479	749
354	733
373	726
392	716
352	712
331	711
384	701
263	900
403	854
379	855
391	850
361	849
373	842
277	967
265	946
305	968
252	945
290	925
283	911
222	908
111	710
234	901
70	712
81	701
99	700
230	946
220	931
200	937
211	923
225	919
237	918
198	960
240	958
208	973
252	973
219	964
212	947
315	998
355	992
335	981
347	1031
331	1028
363	1024
318	1016
361	1005
337	1001
311	1125
326	1076
316	1100
327	1059
339	1050
321	1041
265	1047
295	1012
273	1017
292	1037
273	995
292	982
276	1101
277	1086
297	1077
307	1056
271	1069
288	1060
267	1153
300	1148
287	1140
267	1128
292	1119
299	1103
250	1010
236	997
254	989
226	989
215	988
235	980
246	1061
223	1057
236	1038
239	1021
253	1028
247	1039
246	1138
250	1102
234	1120
227	1097
249	1082
236	1076
