1880	286
1947	280
1932	270
1910	268
1890	266
1891	295
1919	290
1936	367
1950	356
1928	345
1950	336
1937	299
1927	314
1950	314
1875	350
1878	362
1889	337
1900	369
1910	347
1881	326
1915	326
1875	312
1900	312
1843	355
1846	374
1858	354
1859	374
1863	336
2020	318
2008	308
2038	304
2022	299
2034	288
2006	374
1999	359
2013	353
2011	342
2015	330
1939	406
1974	404
1925	396
1957	386
1926	377
1976	376
2000	436
1987	414
2006	410
2009	397
1994	391
1867	436
1850	422
1870	414
1856	401
1871	392
1847	390
2019	413
2028	429
2031	398
2032	409
2044	406
2045	440
2037	390
2037	371
2017	380
1887	430
1897	410
1907	443
1908	420
1918	451
1919	429
1896	389
1915	384
1931	425
1938	442
1952	457
1962	424
1976	445
1984	426
1944	504
1971	517
1971	491
1996	509
2002	486
1925	467
1948	483
1971	468
1991	465
1833	488
1842	469
1863	469
1901	465
1908	472
1922	489
1882	457
1850	451
1837	511
1860	512
1880	500
1882	480
1897	488
2041	536
2015	527
2041	513
2024	499
2027	479
2044	489
2032	461
2012	459
1951	591
1936	585
1951	575
1937	565
1936	550
1914	547
1905	559
1892	576
1914	579
1989	592
1969	575
1992	562
1970	558
1966	543
1986	540
2044	592
2035	576
2012	576
2041	559
2024	552
1926	622
1952	620
1900	618
1929	605
1897	596
1997	639
2013	636
2028	620
2005	609
2027	600
1979	665
1974	643
1983	621
1969	604
1864	643
1871	664
1916	638
1924	667
1934	645
1953	658
1800	696
1801	683
1810	703
1826	671
1859	699
1861	677
1781	860
1786	847
1794	867
1797	821
1808	845
1823	814
1825	830
1839	849
1841	872
1845	834
1859	862
1806	910
1833	899
1807	892
1786	885
1866	879
1854	892
1818	656
1806	633
1823	618
1804	595
1796	578
1807	564
1822	557
1832	551
1792	549
1808	549
1748	572
1756	586
1763	562
1775	548
1781	568
1777	594
1782	616
1697	600
1703	573
1710	615
1717	590
1722	571
1731	601
1318	330
1327	362
1342	348
1342	332
1352	367
1298	296
1306	311
1320	301
1334	312
1255	340
1257	371
1268	308
1277	348
1279	295
1279	323
1285	376
1292	352
1295	334
1306	379
1309	354
1348	425
1350	406
1363	388
1370	419
1386	412
1377	383
1333	387
1375	396
1341	463
1363	460
1315	456
1350	444
1325	440
1373	440
1310	430
1296	422
1328	419
1310	407
1293	403
1271	450
1283	435
1265	430
1276	410
1256	409
1267	392
1211	429
1221	414
1227	451
1231	427
1238	383
1231	349
1245	322
1228	367
1235	329
1671	561
1692	556
1706	554
1677	546
1659	568
1652	602
1656	618
1673	602
1680	614
1659	583
1647	586
1681	585
1643	739
1656	733
1655	720
1657	679
1662	666
1697	652
1675	650
1660	639
1703	635
1682	632
1639	630
1718	646
1727	627
1251	684
1252	721
1617	714
1621	735
1626	705
1631	718
1210	721
1220	734
1225	712
1240	722
1247	707
1250	733
1378	539
1388	528
1354	527
1375	514
1345	508
1353	583
1374	578
1362	561
1382	558
1394	555
1217	623
1319	555
1322	523
1340	549
1341	568
1333	573
1136	612
1144	623
1155	612
1172	618
1186	611
1196	623
1165	664
1146	648
1166	640
1152	631
1143	665
1103	660
1124	651
1117	639
1130	633
1108	632
1205	646
1212	661
1219	641
1219	673
1230	656
1232	666
1145	180
1176	176
1132	171
1154	164
1172	162
1144	153
1166	191
1180	188
1190	201
1111	214
1138	205
1127	191
1125	181
1182	246
1167	241
1127	229
1147	227
1175	223
1086	272
1100	270
1093	256
1110	239
1087	238
1096	223
1088	212
1106	195
1138	275
1150	261
1127	254
1148	246
1188	773
1199	733
1202	749
1211	770
1216	753
1226	753
1197	708
1197	682
1198	669
1187	649
1166	730
1173	755
1178	718
1180	741
1173	767
1173	784
1186	787
1143	682
1157	690
1157	680
1181	686
1211	691
1233	690
1152	702
1164	706
1122	722
1123	746
1124	670
1127	696
1139	723
1138	708
1080	713
1091	734
1096	749
1101	716
1114	741
1108	694
1092	698
1131	299
1113	298
1166	297
1148	295
1115	278
1162	277
1119	352
1126	334
1129	367
1139	350
1141	319
1141	366
1150	329
1112	320
1091	393
1100	380
1116	393
1132	382
1101	365
1086	365
1086	350
1099	342
1078	337
1084	323
1101	308
1083	301
1076	291
1096	288
1091	574
1072	561
1079	547
1106	542
1090	556
1112	561
1121	579
1108	583
1069	580
1119	619
1098	612
1125	601
1114	600
999	632
1006	603
1029	615
1032	595
1052	617
1061	593
1067	634
1073	609
1085	628
1089	593
1035	662
1046	642
1058	656
1061	675
1080	652
1086	675
986	637
991	667
998	652
1013	666
1017	683
1023	642
826	741
840	731
825	726
804	570
824	562
825	575
822	585
842	569
861	743
885	739
900	731
869	727
852	716
886	715
871	777
851	763
887	762
871	760
886	775
832	790
851	788
838	777
826	766
836	756
838	748
787	403
827	400
798	391
821	373
832	361
836	383
845	369
867	379
857	392
844	444
869	443
883	440
856	425
874	421
840	407
785	471
801	469
820	458
778	456
786	451
804	444
857	479
864	476
862	462
847	460
779	512
800	505
779	497
766	492
800	486
819	515
821	492
839	500
841	522
831	478
810	552
796	552
801	534
784	533
786	523
823	532
835	543
852	550
851	530
586	765
567	759
560	748
575	743
622	904
644	895
630	890
652	876
597	746
667	922
673	898
678	940
692	907
693	923
675	957
625	955
641	954
655	942
630	940
633	983
663	982
662	967
641	966
626	965
612	979
600	981
702	950
714	934
721	967
721	944
732	949
715	980
700	972
698	992
683	982
830	706
851	694
854	684
871	695
895	703
608	737
603	715
607	696
616	685
600	676
616	671
562	668
578	678
578	693
584	662
546	714
556	730
560	705
575	720
590	709
593	730
498	667
519	670
539	670
547	693
549	661
560	689
551	678
396	486
413	473
396	460
413	447
396	429
541	569
514	561
563	559
531	550
541	536
602	607
572	607
588	601
595	592
579	587
568	580
514	581
528	621
528	601
548	591
548	614
529	644
556	644
600	652
574	649
606	635
579	633
563	627
596	622
476	614
484	632
500	600
508	621
511	603
509	647
487	686
470	688
515	689
369	465
344	454
375	442
331	437
354	437
342	432
397	412
377	405
398	399
405	390
383	386
364	385
361	420
373	486
334	485
328	473
352	402
340	398
325	398
308	394
341	380
321	373
302	427
321	420
337	417
311	412
312	487
302	482
310	465
323	454
304	443
318	436
314	501
299	495
262	381
275	371
291	370
307	370
287	279
314	275
335	274
286	263
305	263
353	284
321	312
353	306
370	304
311	294
330	293
265	311
271	296
273	324
292	315
292	343
271	339
259	351
309	326
314	350
334	329
345	359
346	333
354	327
392	369
368	369
376	363
378	354
361	344
372	343
218	841
260	840
234	829
215	819
260	813
232	809
259	879
214	865
264	859
232	855
262	895
272	876
206	979
223	977
236	965
221	954
242	949
190	938
230	935
210	935
243	922
222	916
225	894
199	887
202	910
230	879
185	971
179	951
175	921
183	911
182	874
182	859
175	798
187	835
195	813
200	832
203	798
199	852
199	768
187	412
201	404
208	415
228	413
248	425
289	420
268	408
247	395
282	394
227	444
287	440
273	440
264	434
146	419
156	446
164	424
165	404
176	469
187	438
202	455
204	429
275	560
253	555
270	551
269	536
274	523
247	520
261	498
247	482
266	473
279	463
247	456
264	454
204	480
212	515
214	548
224	468
231	493
234	540
225	559
204	566
253	594
267	583
244	580
262	569
242	611
231	602
226	620
211	610
218	581
163	489
175	508
195	497
199	527
116	510
132	521
148	512
174	533
141	492
120	488
131	471
153	468
113	562
140	558
130	543
108	541
146	538
189	543
169	555
161	592
143	589
114	584
174	578
159	571
129	571
195	590
127	623
101	621
149	617
136	609
86	605
112	604
180	598
40	610
45	627
59	622
69	636
75	616
63	605
76	592
59	578
75	570
59	556
68	546
88	705
65	695
65	713
156	779
179	776
122	707
150	634
125	858
164	852
145	832
164	825
141	804
157	795
144	787
127	785
173	817
153	907
138	900
181	900
153	895
185	884
164	875
19	510
29	494
11	484
32	471
9	466
9	595
28	591
38	573
7	571
21	565
43	596
42	554
3	550
29	543
5	527
42	526
31	729
43	726
3	683
11	682
24	674
29	750
9	749
10	660
26	645
1	635
9	623
26	618
