1796	738
1810	711
1823	737
1831	692
1842	717
1857	699
1816	669
1848	668
1795	657
1824	650
1785	630
1814	629
1699	663
1687	668
1692	650
1746	698
1762	717
1785	720
1794	690
1769	605
1822	591
1844	582
1777	571
1814	566
1780	549
1849	618
1734	550
1750	558
1753	532
1757	585
1761	565
1760	638
1729	672
1761	672
1667	558
1677	525
1681	540
1690	558
1699	513
1706	543
1715	464
1694	449
1668	442
1717	436
1690	426
1536	401
1546	368
1556	416
1568	383
1584	363
1587	411
1535	424
1592	390
1612	365
1617	385
1647	388
1618	416
1635	412
1647	426
1631	440
1591	439
1740	528
1716	521
1735	508
1757	503
1723	486
1537	475
1538	444
1564	471
1566	440
1598	463
1626	468
1661	603
1641	601
1619	588
1641	583
1655	583
1619	571
1627	544
1642	533
1647	561
1652	534
1629	662
1624	634
1654	627
1622	614
1601	531
1626	515
1634	491
1607	487
1665	492
1685	473
1655	466
1574	621
1575	602
1597	598
1587	578
1596	629
1542	575
1559	571
1598	555
1580	549
1547	539
1566	527
1542	518
1580	503
1553	501
1497	499
1465	458
1476	446
1486	470
1495	455
1437	488
1459	481
1467	508
1472	493
1485	484
1487	506
1416	431
1425	433
1436	457
1454	448
1454	422
1463	434
1400	457
1401	445
1410	459
1411	476
1430	472
1478	531
1457	530
1496	522
1481	520
1428	597
1414	584
1434	577
1426	555
1411	560
1400	561
1410	542
1393	545
1424	520
1465	598
1470	576
1478	554
1495	544
1493	574
1495	597
1505	601
1506	564
1512	587
1525	602
1499	627
1517	627
1470	624
1484	609
1496	608
1443	632
1447	609
1448	587
1452	564
1452	545
1442	532
1443	511
1453	471
1441	434
1373	655
1378	620
1399	664
1401	648
1401	632
1415	675
1434	675
1414	652
1429	652
1411	642
1422	635
1418	710
1388	692
1431	692
1406	690
1448	715
1451	687
1446	667
1458	666
1447	652
1460	642
1445	753
1426	750
1437	738
1406	738
1462	730
1418	729
1382	220
1383	232
1393	248
1397	228
1412	251
1377	254
1332	249
1345	238
1351	255
1358	223
1366	237
1387	288
1340	279
1358	274
1373	267
1392	267
1343	330
1372	315
1346	314
1330	305
1359	297
1247	327
1249	306
1253	343
1269	315
1276	339
1280	295
1296	324
1297	300
1301	278
1312	345
1314	298
1319	320
1322	279
1312	259
1324	262
1209	331
1227	317
1228	359
1228	344
1229	295
1232	403
1202	391
1248	391
1223	381
1162	461
1173	436
1142	425
1136	414
1153	403
1231	471
1223	457
1245	450
1220	439
1239	427
1254	418
1215	416
1202	433
1156	515
1144	509
1168	498
1160	493
1147	485
1174	476
1256	524
1227	517
1245	508
1263	494
1240	486
1187	521
1192	501
1197	484
1207	531
1214	493
1188	463
1152	552
1171	534
1177	559
1188	577
1204	555
1116	554
1119	572
1131	557
1139	536
1144	578
1134	520
1256	543
1262	567
1266	555
1270	601
1280	575
1282	553
1289	597
1229	545
1230	573
1242	534
1243	579
1246	601
1146	706
1149	737
1154	681
1166	726
1171	701
1159	782
1168	796
1171	752
1105	814
1138	809
1130	792
1096	785
1138	768
1105	759
1105	732
1123	716
1091	706
1110	699
1130	685
1100	676
1127	738
1058	694
1061	718
1066	674
1071	698
1059	747
1079	781
1113	593
1129	594
1144	609
1162	593
1051	593
1057	543
1061	567
1072	614
1075	538
1083	589
1207	607
1212	587
1217	617
1227	592
1248	625
1280	628
1234	611
1290	614
1291	580
1168	617
1171	636
1183	601
1189	615
1196	629
1203	635
1051	661
1074	656
1084	654
1057	636
1080	635
1116	649
1138	656
1116	626
1140	630
1007	563
1016	575
1020	547
1035	576
1038	525
1013	663
1004	663
1003	648
1018	643
1027	636
996	633
1019	623
964	573
975	595
987	581
990	561
963	699
973	686
955	684
952	668
975	667
966	651
1026	616
950	608
997	606
1031	599
1016	598
986	775
951	769
965	762
941	751
967	747
954	746
1007	753
994	760
998	748
937	733
930	722
971	712
951	710
952	726
967	732
985	707
1012	717
1012	729
948	798
927	792
952	789
937	779
913	802
913	789
919	769
898	763
916	751
883	683
900	694
912	675
923	690
935	674
943	691
892	741
908	734
885	732
893	718
918	715
883	706
933	705
742	655
743	697
745	681
749	715
911	657
926	653
937	636
950	628
725	643
730	673
732	728
737	637
712	843
732	832
922	816
732	810
708	800
725	786
740	775
719	763
741	754
722	746
707	732
684	719
698	711
717	707
685	693
713	684
607	590
625	582
649	578
604	571
622	568
638	559
693	614
672	613
713	612
675	588
708	588
685	572
617	639
645	629
619	617
602	615
638	601
698	670
683	665
713	663
712	649
679	638
704	635
680	794
682	747
683	819
688	773
673	845
686	869
663	767
642	759
664	745
637	729
661	714
661	785
659	812
624	702
656	689
625	677
660	660
637	653
585	685
587	737
594	667
597	711
599	692
607	739
613	765
653	346
685	346
666	330
679	328
636	323
522	374
561	382
608	369
612	348
623	348
628	383
653	381
681	366
694	380
643	415
670	414
628	403
685	401
664	398
613	391
581	430
569	427
548	424
568	399
544	398
512	392
618	425
502	471
507	496
519	460
529	479
535	501
539	478
542	444
556	447
562	448
661	492
664	451
675	471
681	432
655	514
634	522
611	492
632	481
630	459
617	447
639	437
614	551
628	549
592	532
584	531
464	928
473	902
476	871
491	920
505	890
524	888
523	863
458	852
487	850
439	843
513	848
472	822
444	814
465	794
483	787
503	833
508	797
498	817
527	824
515	705
499	695
535	693
531	676
504	555
531	545
540	524
506	523
421	897
426	865
443	905
448	880
518	614
488	610
537	600
519	586
487	575
534	569
509	669
482	667
551	662
531	640
492	637
547	627
457	274
470	258
444	251
410	244
431	230
417	276
437	300
402	298
392	285
377	338
389	328
363	317
382	311
402	354
427	352
503	346
452	329
417	320
506	320
357	395
377	395
397	386
357	370
376	359
479	444
512	443
492	425
517	424
465	420
499	406
409	443
419	413
425	378
438	441
441	399
457	373
439	493
475	487
417	481
392	479
463	463
407	461
378	456
395	438
379	429
354	428
364	412
394	408
365	543
367	565
379	521
388	542
391	564
398	533
430	706
433	688
461	660
433	653
439	726
461	718
457	701
458	741
441	744
464	632
442	627
423	622
463	600
439	589
450	567
428	548
480	540
435	522
459	521
416	514
484	512
399	638
376	637
394	609
402	584
369	587
362	632
345	562
346	511
351	531
354	478
349	490
406	685
362	681
343	675
377	662
401	662
356	647
327	519
313	500
321	499
334	478
308	476
318	470
331	500
241	576
294	565
265	560
281	542
246	538
286	517
253	508
302	497
279	489
259	485
207	538
224	521
223	497
233	467
212	461
228	555
216	574
226	602
276	630
260	627
280	604
292	587
274	587
297	622
238	626
310	597
316	569
314	545
316	521
313	315
326	339
331	362
340	335
342	358
324	449
311	441
338	398
336	387
291	466
261	460
297	450
276	439
262	365
273	352
259	340
246	333
263	320
249	315
261	407
240	405
264	399
242	394
278	388
252	384
217	443
243	439
203	430
256	425
233	420
