1917	573
1912	562
1894	560
1916	546
1901	542
1905	614
1881	607
1878	589
1903	586
1879	575
1896	600
1889	619
1891	627
1870	647
1882	539
1861	537
1912	530
1898	522
1878	520
1854	598
1842	589
1856	576
1841	559
1862	556
1832	606
1832	646
1832	629
1849	613
1853	643
1863	625
1824	524
1827	538
1831	548
1839	527
1842	545
1854	512
1846	455
1824	449
1836	438
1855	428
1831	426
1892	465
1877	461
1866	444
1877	435
1899	490
1847	486
1874	483
1913	478
1900	472
1864	470
1921	495
1882	501
1816	509
1816	492
1830	475
1815	469
1749	558
1765	557
1752	546
1768	539
1747	531
1786	548
1802	535
1807	551
1787	630
1791	649
1818	626
1819	645
1796	610
1807	623
1803	636
1807	654
1811	596
1788	527
1761	517
1790	514
1780	511
1773	522
1803	526
1803	513
1750	647
1755	634
1764	660
1775	637
1778	650
1787	664
1772	619
1761	609
1779	598
1782	583
1770	581
1779	569
1760	568
1795	566
1606	476
1601	467
1608	453
1595	447
1587	436
1592	423
1603	436
1604	419
1585	472
1576	468
1588	463
1569	459
1583	454
1517	505
1531	496
1578	481
1600	494
1576	441
1549	440
1560	437
1541	434
1530	428
1514	420
1506	421
1572	424
1547	426
1562	302
1572	294
1561	280
1534	276
1545	266
1518	278
1555	337
1576	337
1577	335
1556	318
1574	316
1535	342
1523	332
1540	318
1518	313
1503	325
1492	329
1503	307
1513	295
1539	292
1518	375
1538	372
1526	365
1541	355
1505	355
1513	348
1578	377
1560	370
1575	360
1562	351
1583	388
1588	367
1591	345
1595	382
1599	362
1543	401
1546	388
1524	385
1557	384
1535	380
1560	410
1563	395
1583	405
1597	402
1500	407
1508	395
1513	406
1526	415
1526	398
1531	403
1454	411
1460	420
1466	394
1470	434
1476	413
1478	400
1420	490
1424	510
1433	499
1443	483
1448	515
1452	504
1406	474
1417	476
1420	457
1435	464
1475	474
1477	460
1384	367
1394	349
1401	360
1414	363
1414	345
1484	375
1471	372
1467	352
1449	351
1456	342
1430	362
1430	352
1431	379
1441	364
1446	396
1449	379
1394	406
1363	402
1380	399
1371	382
1396	379
1392	446
1408	440
1422	434
1403	425
1413	409
1379	433
1362	429
1354	417
1375	416
1350	438
1358	456
1366	446
1374	468
1356	469
1374	477
1364	484
1377	454
1326	462
1332	438
1334	450
1337	471
1341	440
1344	463
1334	480
1351	489
1350	476
1284	385
1284	365
1302	374
1306	355
1318	360
1318	375
1275	310
1276	302
1287	323
1300	311
1313	323
1301	340
1279	346
1264	382
1234	379
1265	362
1228	358
1242	353
1239	332
1261	331
1226	327
1241	312
1259	311
1254	297
1179	541
1184	557
1201	547
1206	556
1212	545
1188	520
1178	511
1207	505
1173	495
1196	495
1243	445
1258	442
1269	425
1235	421
1249	420
1248	403
1200	445
1207	451
1221	435
1224	453
1281	435
1294	410
1271	405
1304	396
1299	430
1291	452
1268	462
1285	465
1210	491
1188	486
1205	476
1218	474
1191	471
1160	539
1162	521
1167	555
1171	527
1173	565
1230	490
1239	473
1244	461
1248	484
1234	505
1223	526
1211	527
1249	498
1234	525
780	300
781	334
782	315
795	328
796	312
772	392
761	390
769	377
757	372
774	366
780	384
787	374
799	378
794	386
784	359
760	358
776	357
779	347
756	344
770	337
747	332
767	324
754	318
767	304
749	296
734	341
729	332
726	324
735	322
738	303
726	376
741	374
712	370
727	359
718	348
744	357
804	444
817	444
787	440
811	433
817	428
796	427
806	467
812	474
815	485
816	463
820	475
810	458
790	454
802	453
821	453
784	424
809	420
792	416
800	403
784	400
804	392
784	467
790	477
794	464
800	491
801	480
752	405
755	419
763	405
769	422
777	431
765	436
775	451
769	446
771	461
709	396
716	387
717	406
726	392
743	393
724	420
739	416
736	403
734	434
667	453
652	449
661	432
644	432
661	415
656	403
621	458
610	450
638	447
626	437
618	429
634	424
591	490
631	489
618	480
596	474
632	469
647	465
619	495
641	489
645	501
653	483
664	496
669	512
679	511
684	494
691	508
696	493
714	495
699	518
716	512
709	524
612	533
614	546
616	512
625	524
636	510
641	537
646	523
648	555
653	542
660	532
657	523
682	524
586	570
608	560
590	552
596	542
603	574
635	561
639	571
629	550
634	532
577	534
594	531
573	519
599	512
586	499
602	498
520	416
601	407
610	393
631	407
638	398
492	430
495	390
498	415
504	427
505	406
514	431
477	458
487	446
492	460
505	450
514	451
521	457
509	473
523	472
474	481
465	510
470	497
482	515
483	504
491	489
499	495
507	515
459	419
472	415
460	403
451	395
470	391
474	378
449	445
453	429
463	455
467	428
475	440
461	471
456	487
438	478
422	497
427	521
430	539
444	526
453	499
455	544
395	402
407	418
413	410
417	433
431	432
432	407
432	446
425	458
443	462
376	465
382	484
382	449
386	502
393	471
397	485
362	472
344	472
353	453
369	450
344	432
361	430
377	428
350	417
370	414
337	535
364	525
349	524
366	510
339	497
366	486
328	483
307	479
322	465
314	454
329	447
318	443
305	515
297	511
317	501
304	497
316	532
325	521
285	646
294	637
280	629
294	622
281	614
277	606
243	631
250	616
259	609
261	630
266	640
139	551
144	563
147	540
161	539
173	554
168	575
154	579
56	629
58	614
76	625
87	643
46	680
52	661
67	661
68	676
72	648
54	645
79	663
75	658
58	695
19	637
25	617
30	645
38	625
43	615
9	669
11	681
16	655
28	681
31	663
36	699
6	550
6	531
15	541
17	553
25	546
15	476
3	471
8	468
5	442
5	429
