2010	363
2033	362
1969	360
1989	357
2021	337
2040	337
1946	346
2027	398
2040	395
2011	391
2041	375
2025	452
2041	436
2028	418
2043	415
2019	569
2000	565
2015	547
2039	533
2015	523
2023	505
2014	703
1998	690
2038	684
2016	682
2020	673
1991	671
2032	668
2040	655
2039	632
2014	649
1979	638
2007	626
1985	612
2026	612
2007	603
2041	595
1978	592
1991	590
2014	588
2042	572
1913	806
1917	816
1937	806
1959	811
2009	813
2013	757
2023	786
2033	816
2043	743
2044	762
2034	752
2030	727
2003	732
1995	818
1977	797
1963	784
1997	779
1954	883
1926	876
1941	854
1920	849
1957	839
1929	830
1968	903
1968	862
1978	889
1981	873
1977	826
1985	847
1994	839
1916	959
1926	934
1959	930
1946	910
1936	689
1941	668
1949	686
1961	654
1964	675
1968	703
1969	625
1921	622
1865	612
1895	608
1876	591
1987	745
1956	735
1973	734
1986	716
1858	720
1914	673
1892	665
1917	654
1871	651
1896	641
1854	634
1855	691
1862	672
1865	699
1882	692
1844	666
1649	923
1898	905
1905	934
1913	912
1603	945
1604	918
1618	963
1628	944
1630	917
1631	974
1601	892
1616	871
1624	893
1638	867
1642	898
1568	920
1571	938
1578	956
1585	929
1599	969
1583	980
1552	878
1554	861
1561	891
1580	905
1582	861
1587	882
1475	727
1441	711
1465	710
1486	704
1436	766
1439	741
1453	776
1466	748
1548	813
1539	797
1557	791
1547	769
1488	778
1494	752
1502	790
1503	762
1516	789
1518	765
1502	810
1501	845
1551	846
1529	845
1581	836
1552	830
1529	825
1602	848
1621	846
1635	842
1352	327
1361	310
1377	302
1379	335
1395	313
1395	332
1546	245
1556	208
1560	223
1571	241
1584	213
1495	256
1503	263
1517	238
1526	251
1421	238
1388	234
1409	231
1394	223
1382	255
1375	276
1396	286
1370	221
1367	208
1443	306
1454	273
1463	285
1478	271
1407	268
1413	306
1415	288
1429	303
1437	257
1439	283
1314	315
1316	300
1327	318
1338	303
1339	284
1352	270
1458	620
1437	619
1448	594
1451	570
1461	554
1466	690
1440	683
1450	665
1463	647
1441	639
1481	675
1413	551
1423	536
1444	536
1413	487
1405	562
1406	573
1414	601
1422	582
1425	560
1429	569
1410	626
1411	642
1430	659
1372	680
1372	653
1371	632
1390	627
1369	608
1393	595
1403	689
1401	668
1394	649
1387	572
1381	553
1368	541
1377	530
1333	460
1319	451
1335	444
1315	442
1345	436
1360	444
1373	441
1380	453
1397	461
1409	463
1358	495
1360	472
1373	504
1380	512
1381	484
1400	510
1352	516
1328	511
1343	502
1332	489
1334	578
1338	632
1344	595
1350	576
1349	616
1357	639
1352	653
1340	679
1332	662
1337	563
1324	555
1351	551
1344	531
1319	530
1324	612
1306	609
1316	597
1303	596
1329	594
1309	579
1286	635
1288	651
1294	625
1308	631
1314	652
1297	678
1317	676
1327	692
1250	647
1252	614
1253	631
1262	651
1267	667
1272	691
1249	680
1397	744
1411	732
1381	730
1395	718
1421	741
1415	716
1397	701
1422	694
1375	786
1382	759
1399	763
1401	778
1414	776
1417	761
1334	747
1343	772
1349	736
1364	747
1216	707
1250	705
1280	716
1299	704
1327	720
1362	724
1356	696
1174	734
1176	758
1203	756
1209	729
1226	740
1234	758
1159	798
1222	789
1192	786
1162	778
1176	801
1205	813
1230	820
1243	788
1124	745
1136	739
1137	723
1150	751
1151	730
1110	786
1137	775
1124	770
1132	758
1112	755
1089	705
1097	690
1107	709
1118	693
1148	708
1069	731
1078	742
1080	722
1096	726
1098	769
1091	784
1072	779
1081	792
1071	794
1205	585
1219	585
1218	564
1199	560
1206	540
1218	538
1210	626
1194	618
1209	605
1193	604
1188	635
1181	521
1143	516
1170	516
1196	513
1179	508
1162	506
1169	482
1151	475
1174	460
1155	443
1183	442
1191	497
1063	524
1085	518
1074	504
1092	497
1067	494
1087	477
1081	444
1102	435
1110	531
1134	529
1112	509
1135	497
1112	484
1126	470
1144	556
1156	536
1170	559
1176	575
1178	539
1169	598
1164	609
1194	455
1207	444
1213	429
1216	451
1219	440
1227	431
1197	415
1177	411
1214	407
1209	397
1201	393
1185	391
1150	398
1155	372
1156	349
1167	423
1174	368
1164	390
1135	455
1111	455
1127	435
1136	413
1097	411
1117	407
1127	391
1093	386
1089	371
1083	359
1114	364
1106	348
1135	349
1066	474
1060	449
1045	439
1035	427
1040	410
1063	424
1070	396
1062	375
1037	555
1068	556
1087	551
1117	555
1031	576
1038	592
1054	588
1054	567
1077	577
1115	590
1152	585
1039	640
1072	633
1015	623
1044	617
1087	602
1068	599
1136	629
1138	609
1146	663
1157	636
1083	673
1118	671
1103	662
1055	658
1126	648
1082	648
1168	678
1176	655
1181	686
1188	667
1195	652
1206	690
1195	700
1170	706
984	555
993	525
1003	549
1011	528
1020	544
978	590
988	572
996	587
1009	566
1016	598
972	501
945	494
983	486
961	479
990	476
997	501
1010	488
953	555
962	533
925	525
911	524
941	520
893	578
873	564
901	559
933	552
919	550
900	542
931	567
919	579
954	610
914	603
937	598
959	585
818	639
824	622
830	597
837	642
844	619
851	590
941	655
896	650
920	636
940	627
858	662
877	658
884	623
868	599
900	729
910	699
928	688
899	673
922	669
802	725
825	717
847	731
850	701
873	733
885	709
754	433
732	429
756	411
730	404
768	389
742	379
828	429
854	414
812	404
837	392
806	381
789	407
808	435
786	435
700	441
682	415
706	414
697	381
684	368
711	451
868	402
873	434
882	459
897	424
845	506
820	497
834	486
848	479
854	459
822	456
763	511
765	486
748	457
724	451
715	529
734	520
696	514
709	499
735	490
723	473
697	478
683	467
791	466
793	524
794	497
796	544
812	528
759	569
781	559
740	552
772	536
641	626
670	606
696	590
697	551
701	617
715	576
730	627
742	584
756	615
772	592
790	624
556	844
561	815
584	831
585	863
610	818
587	803
572	800
500	865
511	852
516	867
517	828
533	844
536	824
544	870
561	895
561	915
581	916
589	888
600	928
628	925
606	913
644	899
622	885
610	868
685	678
729	671
713	659
745	647
665	644
786	680
790	656
792	708
426	745
403	738
410	727
437	724
413	697
445	692
520	761
490	742
511	739
505	722
519	709
545	699
490	774
488	702
483	807
543	806
527	796
552	788
476	787
571	786
635	808
658	857
614	846
637	841
655	669
393	407
432	406
370	402
353	384
507	431
529	427
469	423
506	396
473	380
528	406
385	459
355	452
365	446
380	438
350	427
410	426
485	477
453	465
504	456
471	450
449	445
523	463
508	487
522	499
364	505
436	504
378	491
414	484
363	480
475	507
364	696
336	694
374	686
352	670
328	652
349	642
379	653
398	672
417	640
425	664
456	641
457	663
418	524
429	544
451	554
483	539
505	517
542	597
525	581
550	560
528	550
544	531
447	622
422	613
454	608
462	597
441	584
473	575
385	564
393	537
405	557
409	578
395	629
375	622
371	741
354	723
333	720
386	710
342	741
503	670
521	658
498	633
526	623
511	602
421	255
429	232
432	273
455	254
456	207
461	232
425	291
478	314
449	291
473	280
475	260
347	221
357	247
368	211
368	269
363	293
377	298
369	314
369	336
323	362
338	351
358	358
372	358
442	367
487	355
465	350
490	337
439	330
459	325
383	369
388	336
393	346
417	345
418	378
421	310
296	697
278	676
273	660
289	641
294	655
182	750
233	735
193	729
227	708
271	697
182	694
318	670
317	637
320	426
320	396
291	394
285	868
284	841
287	820
314	728
290	721
314	707
225	805
227	830
237	857
259	809
260	827
265	859
256	788
223	787
232	766
205	762
167	648
181	631
188	662
198	639
209	674
236	682
174	843
174	821
166	804
196	782
169	772
199	811
192	839
287	915
248	912
312	905
268	888
250	885
301	881
261	969
276	949
243	936
268	930
300	938
293	969
272	984
211	871
211	900
228	914
232	890
235	875
227	939
234	959
238	982
111	901
112	871
147	859
148	886
148	913
167	877
168	905
174	918
180	870
182	893
189	903
59	928
79	904
52	901
77	875
53	867
137	985
118	963
143	944
166	934
117	926
86	1013
91	991
68	983
72	967
53	957
91	950
100	818
122	841
134	815
155	837
99	793
131	781
100	769
141	751
109	735
138	717
160	730
153	686
121	686
86	673
86	649
112	671
123	643
101	619
126	596
160	596
150	620
50	805
57	833
72	810
83	845
61	774
67	737
62	699
95	702
5	800
14	787
2	768
14	759
3	733
