1977	745
1984	730
1989	757
2000	741
2004	720
1947	730
1955	744
1962	777
1967	729
1968	761
1952	763
1951	709
1930	706
1933	693
1947	683
1934	677
1963	669
1969	684
1987	680
1991	704
1994	636
1973	705
1994	621
2004	631
2021	617
2022	653
2026	636
2043	636
2018	577
2036	573
2042	552
2018	550
2017	537
2036	535
2026	523
2039	515
2038	502
2007	610
1998	608
2033	605
2017	597
2007	592
2041	605
2044	590
1919	717
1919	747
1929	731
1937	753
1936	769
1742	437
1743	455
1749	463
1750	479
1757	466
1757	440
1771	472
1748	420
1729	418
1757	406
1724	403
1741	401
1753	393
1701	443
1704	459
1721	460
1722	442
1634	523
1641	505
1648	520
1660	516
1663	497
1674	517
1626	496
1648	488
1633	480
1618	472
1643	471
1612	514
1589	508
1604	498
1609	488
1664	722
1673	711
1659	701
1671	691
1654	678
1671	673
1687	695
1688	680
1693	714
1704	688
1705	707
1696	731
1698	746
1693	759
1667	762
1679	754
1665	747
1677	739
1664	732
1625	643
1636	694
1638	670
1638	652
1650	658
1576	543
1597	541
1618	531
1601	528
1583	521
1635	542
1646	540
1658	537
1614	594
1621	580
1632	567
1619	566
1647	557
1624	552
1563	556
1576	577
1584	557
1604	555
1605	572
1591	593
1576	597
1591	609
1610	611
1626	728
1633	718
1652	715
1621	712
1651	733
1637	743
1650	753
1433	712
1434	731
1447	711
1454	696
1437	752
1435	765
1401	591
1403	603
1409	621
1416	609
1421	595
1432	601
1394	713
1397	696
1402	753
1404	731
1413	696
1414	711
1416	744
1419	763
1382	639
1396	639
1390	618
1383	608
1405	677
1390	674
1376	671
1401	656
1373	656
1387	655
1357	574
1361	552
1374	564
1383	546
1371	531
1349	530
1370	514
1352	513
1367	500
1354	499
1321	503
1323	519
1331	510
1342	497
1341	582
1325	580
1313	569
1326	564
1343	557
1309	555
1320	547
1287	546
1328	537
1307	531
1202	765
1221	759
1203	752
1237	743
1214	740
1202	738
1246	763
1224	725
1203	723
1214	707
1220	691
1208	689
1230	689
1224	673
1208	672
1203	662
1224	657
1284	642
1268	632
1293	630
1275	614
1295	605
1271	599
1308	635
1308	619
1315	584
1318	608
1322	595
1241	639
1245	605
1257	601
1259	619
1248	670
1242	692
1246	712
1250	726
1257	744
1284	687
1296	678
1288	665
1269	657
1267	693
1267	705
1280	703
1262	714
1207	646
1224	633
1208	631
1229	619
1213	794
1230	782
1192	781
1204	778
1226	792
1246	778
1141	382
1088	377
1099	368
1090	358
1138	353
1104	350
1123	335
1131	318
1100	313
1091	299
1115	294
1135	292
1138	279
1102	275
1129	266
1148	250
1148	315
1154	273
1159	303
1146	332
1160	326
1155	348
1151	365
1099	240
1118	235
1104	227
1095	218
1122	217
1098	419
1110	407
1128	396
1094	394
1111	387
1131	416
1147	408
1152	388
1042	255
1062	263
1077	246
1082	258
990	515
1007	511
987	499
1025	493
1032	516
1006	527
1020	531
1005	485
985	477
1018	470
1000	465
1016	456
995	448
1271	585
1277	565
1292	579
1293	558
850	526
855	506
866	516
878	501
878	551
881	535
800	492
801	477
824	478
827	490
782	510
806	517
813	507
830	531
834	554
835	515
721	804
703	802
736	793
714	790
702	782
714	774
726	752
706	751
714	734
731	734
722	724
728	714
741	700
760	721
763	701
780	719
775	738
751	746
778	754
792	756
786	736
736	769
757	779
761	763
779	774
779	789
759	794
762	808
746	812
707	854
699	838
728	824
706	821
720	845
744	837
882	427
887	470
893	450
902	468
905	481
895	491
870	471
866	486
854	436
870	428
872	438
973	498
827	461
828	434
830	446
840	467
840	453
842	426
697	418
701	442
706	455
706	399
710	437
715	417
655	455
672	449
656	435
644	418
661	416
656	397
869	591
881	587
873	573
884	568
867	559
838	621
863	621
846	603
881	603
863	599
888	622
636	589
617	581
637	570
621	564
641	558
610	557
608	595
693	590
696	608
700	561
723	590
734	604
738	590
663	571
676	599
677	577
689	572
660	599
664	619
784	604
790	588
797	612
812	634
818	616
834	585
845	572
854	587
638	642
648	633
622	627
645	620
623	606
602	617
605	643
867	670
842	665
817	662
873	643
826	640
853	639
733	516
747	525
766	520
778	540
696	496
716	498
754	497
777	490
679	546
689	523
700	513
704	538
715	539
729	540
671	504
646	498
681	497
675	485
654	481
671	476
631	544
651	539
628	526
664	520
626	511
648	511
392	537
392	558
399	528
404	542
405	553
407	523
391	496
312	663
313	681
325	682
326	663
355	693
339	689
356	679
364	668
340	669
351	665
415	691
409	671
337	732
345	718
331	713
354	705
343	703
328	699
319	729
321	742
316	711
293	674
298	709
302	694
309	690
309	719
296	729
309	742
297	742
311	704
296	625
308	621
301	601
316	599
301	583
315	583
372	626
409	621
411	602
376	600
393	594
409	590
359	642
326	632
342	632
324	616
354	616
304	654
292	653
322	648
304	641
317	638
341	650
413	643
367	555
369	569
373	534
384	581
374	470
370	493
379	485
326	474
333	493
343	457
351	500
352	477
357	458
339	518
336	593
354	588
325	574
338	571
323	560
350	564
340	542
325	540
302	515
311	486
315	504
317	522
300	563
276	554
296	543
281	539
271	535
294	530
256	596
264	569
266	586
282	593
283	575
201	571
202	556
204	540
212	553
226	549
232	564
210	523
204	510
222	498
199	483
218	477
200	468
155	469
157	487
164	500
173	485
183	470
186	492
184	510
134	496
121	502
109	599
119	582
129	598
142	588
230	611
251	606
238	591
245	581
252	619
97	617
77	606
92	590
84	586
102	574
193	594
196	612
213	625
217	596
219	576
220	644
205	648
198	639
221	663
241	671
255	666
238	652
253	651
253	634
239	633
227	676
133	642
116	634
149	628
155	615
120	614
139	610
123	661
119	678
139	657
75	660
83	659
71	644
86	638
75	625
81	673
90	682
102	672
103	652
