1890	378
1853	376
1879	365
1844	432
1880	419
1842	407
1896	405
1869	396
1842	504
1850	521
1845	485
1852	457
1863	434
1825	426
1811	412
1797	385
1822	380
1800	363
1807	478
1830	474
1830	453
1805	452
1797	432
1803	520
1825	492
1832	519
1801	499
1787	480
1787	451
1763	416
1777	436
1782	409
1771	386
1753	502
1721	502
1769	485
1745	484
1772	465
1702	525
1686	524
1765	512
1698	505
1779	504
1844	558
1824	548
1850	546
1837	538
1845	609
1817	600
1842	591
1832	559
1852	570
1820	578
1800	544
1695	543
1713	543
1815	526
1755	530
1779	532
1706	576
1760	569
1796	565
1748	558
1767	550
1705	562
1744	599
1778	613
1761	602
1791	598
1767	590
1779	577
1605	573
1631	562
1682	558
1586	555
1613	554
1611	541
1681	591
1594	588
1645	585
1627	578
1685	577
1583	574
1635	603
1576	593
1595	607
1615	606
1695	592
1617	592
1866	635
1830	625
1846	624
1867	618
1853	683
1832	685
1874	660
1862	662
1844	672
1838	646
1738	641
1801	632
1770	636
1742	624
1760	614
1797	620
1744	659
1726	658
1774	654
1808	648
1788	646
1754	645
1809	682
1765	675
1725	677
1788	669
1804	665
1821	664
1605	638
1596	629
1621	625
1574	622
1604	617
1646	618
1641	662
1673	650
1602	653
1624	648
1586	640
1640	640
1649	676
1582	679
1669	683
1601	671
1705	678
1628	677
1177	411
1168	391
1152	401
1153	382
1508	543
1493	548
1486	537
1158	469
1152	445
1171	434
1127	442
1113	423
1131	409
1134	391
1118	397
1144	422
1148	509
1148	496
1148	480
1131	491
1110	471
1116	457
1131	535
1133	546
1151	530
1119	525
1137	517
1126	509
1065	405
1027	399
1047	391
1071	382
1110	383
1080	391
1067	438
1040	432
1080	419
1022	416
1045	416
1106	409
763	498
1064	476
1110	438
1074	494
1053	453
1073	461
1566	572
1555	571
1530	560
1516	550
1540	620
1565	612
1513	609
1553	625
1555	590
1520	584
1498	572
1485	563
1508	561
1161	559
1475	556
1149	549
1159	604
1500	592
1166	585
1183	590
1482	584
1466	578
1498	627
1184	626
1166	622
1493	608
1179	605
1468	605
1148	577
1132	570
1134	559
1116	568
758	554
1111	551
812	604
1141	603
790	603
811	591
1112	590
1126	584
804	623
1144	620
834	619
858	616
1119	612
836	608
1495	645
1561	642
1480	640
1538	639
1548	662
1557	685
1523	673
1511	663
1573	656
1489	655
1474	648
1148	637
1171	637
1112	631
1127	629
1472	627
1138	664
1154	656
1120	663
1194	650
1178	660
1127	650
1133	675
1470	679
1163	676
1185	675
1109	671
1478	670
826	657
785	653
800	643
868	640
782	630
838	636
865	672
1080	669
800	667
1066	664
879	660
849	659
764	684
1059	684
791	677
830	675
881	677
850	682
749	500
722	486
738	479
748	474
757	533
717	529
718	547
740	532
710	510
734	504
678	471
688	449
667	438
661	461
646	470
704	469
664	519
657	484
698	490
655	500
672	500
685	512
691	560
637	552
204	540
211	520
694	532
662	533
166	503
122	503
146	500
130	485
111	495
144	483
119	534
161	529
202	521
155	514
135	520
116	518
123	555
139	551
159	551
131	541
166	539
145	537
752	587
696	579
718	573
740	561
698	620
708	603
743	613
726	613
686	602
735	591
678	581
660	580
668	560
206	563
645	578
649	560
199	603
653	600
668	593
216	602
628	586
642	598
223	613
232	625
662	617
677	618
211	621
643	614
159	583
146	578
185	571
139	564
129	576
178	560
125	601
156	599
144	591
129	588
176	588
195	586
176	626
146	620
191	624
138	609
181	608
170	607
740	650
728	637
679	633
703	637
696	687
736	682
672	667
707	666
728	665
686	658
246	657
254	647
637	649
580	646
662	645
556	644
258	678
588	669
558	665
638	665
265	661
542	657
276	683
593	684
638	682
565	683
669	681
540	679
225	640
142	640
202	640
180	637
130	633
245	636
200	657
183	655
143	654
216	649
127	648
240	648
226	684
190	670
210	670
170	664
245	670
225	662
1811	699
1865	690
1854	699
1979	738
1830	733
1829	702
1812	716
1849	726
1834	749
1929	750
1954	744
1849	749
1933	738
1767	718
1639	704
1619	699
1772	696
1787	692
1631	731
1673	728
1698	727
1792	722
1649	719
1651	746
1697	745
1783	742
1618	740
1807	738
1555	712
1589	706
1602	692
1540	697
1562	702
1572	729
1604	727
1534	720
1584	718
1611	717
1594	754
1573	749
1551	739
1529	746
1591	732
1974	764
1933	762
1958	761
1985	758
1929	796
1946	806
1960	795
1942	779
1917	776
1971	774
1874	769
1693	767
1826	767
1805	761
1707	761
1865	760
1873	787
1683	786
1826	786
1804	780
1849	774
1883	778
1669	809
1701	808
1848	804
1813	801
1913	801
1857	789
1581	764
1667	758
1538	761
1612	756
1553	757
1631	756
1632	784
1593	772
1553	774
1569	771
1618	771
1647	771
1655	796
1639	806
1616	795
1570	808
1558	794
1538	789
1834	817
1904	814
1925	816
1862	811
1915	869
1952	823
1894	837
1898	867
1913	851
1931	835
1672	844
1696	838
1683	836
1671	825
1713	825
1685	812
1753	988
1733	980
1750	972
1659	874
1686	871
1680	859
1735	1016
1721	1013
1735	998
1749	1004
1714	996
1702	1004
1636	831
1621	825
1650	824
1537	823
1556	817
1613	814
1614	853
1537	851
1560	841
1655	844
1632	848
1547	840
1626	1044
1647	1038
1531	880
1535	862
1634	864
1655	859
1490	727
1498	710
1516	704
1504	687
1508	754
1527	764
1521	780
1498	772
1487	745
1510	731
1147	705
1476	696
1180	696
1162	692
1198	691
1145	687
1156	728
1181	720
1475	717
1165	713
1137	716
1194	706
1151	743
1135	773
1144	758
1371	776
1144	735
1479	733
1071	720
1113	710
1061	700
1121	688
1080	698
1133	697
1132	748
1047	747
1071	739
1053	722
1109	722
1058	735
1125	766
1052	777
1084	766
1072	774
1060	753
1077	751
1498	800
1510	797
1397	788
1501	787
1500	841
1524	831
1411	813
1494	826
1511	816
1525	805
1343	812
1390	807
1201	803
1379	790
1350	787
1364	802
1380	830
1333	829
1355	829
1202	825
1369	817
1187	815
1190	843
1341	843
1208	844
1357	843
1304	834
1186	832
1114	798
1055	796
1185	793
1075	789
1116	783
1176	782
1055	816
1104	816
1157	808
1134	813
1072	807
1171	803
1052	833
1167	848
1124	837
1164	833
1066	829
1148	825
1485	864
1499	857
1520	851
1368	853
1383	900
1372	890
1383	878
1385	865
1513	874
1500	883
1357	889
1292	885
1309	856
1350	875
1363	867
1280	871
1273	995
1293	994
1273	928
1322	905
1297	902
1312	893
1277	1021
1303	1008
1293	1021
1285	1005
1273	1034
1307	996
1162	866
1198	864
1139	862
1177	856
1042	850
1149	849
1248	919
1260	918
1271	907
1254	897
1271	887
1261	874
1255	992
1251	1008
1263	1009
1262	1023
1250	940
1264	936
847	700
881	699
864	692
900	688
842	737
813	739
873	720
894	711
859	715
832	709
802	712
756	711
713	697
781	693
658	692
812	690
639	727
778	726
812	722
677	718
666	716
649	716
765	739
701	735
713	732
650	734
673	732
630	728
255	704
525	702
183	696
265	695
550	691
242	691
549	724
573	722
187	719
545	710
175	710
562	706
156	739
563	739
541	740
579	737
177	729
528	728
797	768
819	765
848	759
796	745
1042	804
1014	798
804	801
813	789
1039	788
836	781
616	756
681	750
668	744
644	750
630	744
697	747
654	772
684	768
737	765
719	759
664	762
631	764
743	801
777	796
715	790
740	786
671	776
714	775
155	758
147	755
181	752
583	753
159	751
176	742
138	772
535	771
149	767
167	765
566	760
542	760
148	785
582	791
551	781
557	794
563	777
585	774
1041	867
1020	859
1018	824
1018	814
1022	982
1029	923
1030	884
1039	902
1038	943
1031	961
1016	841
989	832
1003	825
987	820
993	806
1005	807
996	911
1012	902
1004	889
995	878
1012	874
999	857
1004	993
1016	941
987	966
1010	978
1009	957
987	986
735	827
813	824
758	815
730	813
712	808
798	812
983	892
974	870
804	846
779	854
762	836
790	833
974	981
973	961
975	909
974	925
983	945
966	900
