2043	562
2018	560
2039	511
2033	495
2039	476
2046	491
2042	455
2022	463
2041	606
2014	596
2035	591
2044	578
2021	578
2031	692
2043	688
2029	679
2043	665
2007	661
2023	660
2012	648
2035	643
2016	633
2038	624
2004	618
2022	614
1983	574
1989	603
1996	589
1997	567
2001	542
1991	509
1997	523
1975	681
1977	664
1979	651
1994	666
1997	646
1998	634
1874	455
1854	449
1880	438
1885	416
1902	414
1862	436
1854	422
1844	529
1865	527
1840	521
1879	486
1866	471
1851	496
1868	510
1843	463
1885	534
1920	531
1897	524
1882	519
1936	509
1840	578
1862	575
1844	562
1865	548
1835	547
1845	543
1945	580
1934	572
1925	565
1933	556
1929	541
1860	622
1841	616
1830	612
1863	605
1843	597
1901	622
1885	612
1898	610
1887	589
1882	566
1902	554
1898	571
1946	681
1948	695
1949	656
1962	682
1967	667
1899	686
1904	668
1911	644
1935	669
1938	684
1871	656
1872	679
1879	637
1889	657
1895	639
1826	674
1837	670
1823	658
1855	641
1837	636
1850	660
1837	654
1858	677
1817	691
1833	688
1813	682
1847	681
1856	716
1827	716
1838	708
1852	695
1877	743
1868	731
1872	713
1879	697
1837	761
1807	759
1805	745
1796	736
1808	731
1845	731
1885	792
1874	786
1883	765
1875	756
2027	762
2040	758
2017	743
2029	725
2045	741
2044	712
2022	705
2014	717
1829	799
1814	798
1806	789
1819	788
1805	777
1820	776
1829	815
1831	831
1843	821
1848	808
1849	828
1864	834
1876	834
1879	823
1861	821
1876	808
1855	793
1814	836
1801	821
1816	816
1794	803
1801	619
1819	605
1796	603
1816	595
1805	595
1813	630
1769	623
1772	638
1777	653
1778	614
1786	626
1793	678
1788	666
1805	663
1808	648
1794	647
1751	681
1752	655
1756	665
1761	652
1768	665
1770	688
1775	710
1788	726
1788	709
1798	724
1808	707
1799	691
1786	695
1754	733
1760	720
1746	718
1751	704
1783	773
1772	755
1785	754
1769	739
1788	739
1721	795
1724	781
1730	769
1710	768
1781	833
1769	830
1770	815
1784	815
1778	804
1774	788
1797	863
1773	856
1784	853
1796	846
1777	844
1699	596
1711	585
1702	580
1696	566
1709	561
1691	548
1703	544
1701	645
1714	644
1709	632
1694	618
1706	613
1704	684
1718	683
1712	673
1720	664
1709	656
1694	712
1701	702
1708	696
1692	689
1692	758
1705	752
1696	744
1690	727
1711	724
1716	741
1721	761
1726	729
1726	717
1732	751
1635	852
1651	849
1620	800
1638	789
1614	788
1621	865
1631	780
1646	777
1644	763
1628	752
1644	741
1653	636
1651	610
1654	597
1643	584
1664	585
1661	619
1643	729
1655	726
1631	726
1636	713
1662	709
1645	705
1683	706
1629	699
1661	692
1643	691
1630	681
1636	667
1663	656
1636	895
1633	885
1645	884
1637	870
1652	870
1639	908
1654	902
1668	897
1666	908
1613	694
1590	685
1603	678
1598	662
1617	662
1587	739
1597	736
1611	735
1594	725
1616	713
1596	712
1576	755
1590	756
1598	783
1603	759
1605	772
1601	795
1592	828
1523	802
1539	797
1522	787
1537	781
1525	764
1558	759
1585	770
1517	834
1562	832
1543	828
1581	813
1533	810
1558	808
1484	791
1491	802
1494	824
1494	782
1505	792
1506	773
1508	811
1507	852
1492	846
1565	866
1549	865
1529	860
1545	851
1569	847
1514	904
1532	902
1554	888
1559	881
1522	878
1538	876
1564	943
1561	926
1529	923
1556	911
1523	669
1505	659
1520	651
1501	643
1516	633
1503	619
1519	615
1503	752
1543	747
1495	741
1534	732
1516	727
1528	725
1490	704
1491	687
1507	699
1509	682
1466	659
1466	644
1480	662
1480	639
1474	683
1483	616
1492	548
1510	547
1521	536
1479	534
1496	530
1458	546
1474	552
1522	577
1530	570
1512	567
1522	561
1529	551
1475	576
1477	594
1489	587
1490	600
1493	569
1462	570
1450	569
1512	605
1530	600
1522	599
1512	587
1431	638
1433	655
1446	621
1453	645
1459	628
1427	610
1443	607
1445	592
1457	591
1465	607
1416	708
1420	696
1435	686
1422	678
1441	666
1416	658
1391	661
1397	716
1400	705
1402	681
1402	646
1411	632
1389	607
1356	710
1362	696
1362	719
1374	681
1376	718
1371	622
1384	624
1370	606
1374	636
1201	816
1205	855
1208	833
1217	821
1222	859
1226	842
1273	861
1285	859
1235	852
1289	850
1233	831
1302	860
1309	849
1318	849
1324	859
1304	877
1307	894
1317	902
1320	886
1335	877
1315	872
1309	867
1279	879
1281	907
1286	894
1293	872
1295	912
1171	819
1174	839
1183	812
1184	829
1186	853
1194	842
1130	757
1138	740
1143	759
1145	724
1161	747
1167	728
1126	692
1148	704
1165	695
1170	709
1173	697
1098	706
1104	727
1108	710
1118	730
1118	745
1128	716
1103	740
1106	694
1120	678
1103	673
1081	669
1108	579
1083	572
1115	562
1097	557
1077	554
1111	544
1165	604
1146	595
1153	577
1176	571
1186	551
1166	546
1167	529
1144	556
1087	611
1102	606
1089	592
1074	590
1115	656
1094	653
1081	652
1099	640
1116	625
1084	624
1124	641
1131	602
1135	578
1136	624
1137	655
1138	673
1134	531
1127	540
1153	684
1163	671
1157	654
1151	641
1162	626
1152	624
1316	523
1339	515
1342	500
1352	513
1325	539
1347	529
1356	497
1365	510
1369	494
1384	500
1344	479
1327	473
1343	462
1347	445
1298	481
1284	488
1294	462
1278	471
1263	487
1269	514
1273	501
1287	521
1295	509
1303	523
1306	505
1306	539
1273	432
1280	452
1293	441
1315	435
1322	453
1088	421
1095	409
1101	428
1112	388
1129	396
1120	433
1109	404
1125	364
1143	438
1145	421
1157	406
1169	421
1175	400
1157	382
1138	376
1165	371
1056	471
1078	436
1083	463
1104	468
1112	446
1075	537
1088	537
1116	529
1063	494
1081	484
1050	841
1056	809
1057	823
1059	799
1064	814
1063	845
1065	832
1053	851
1052	786
1036	780
1056	778
1045	772
1033	766
1048	766
1055	723
1056	712
1071	698
1077	718
1085	701
1052	692
1053	677
1057	656
1070	684
1070	664
1043	757
1058	747
1055	734
1078	732
1065	730
1021	823
1025	805
1039	817
1041	831
1041	804
1040	848
1030	749
1040	739
1036	720
1028	705
1043	704
1040	687
1006	726
1008	739
1013	730
1016	716
1021	738
1024	725
984	699
984	675
991	684
994	711
995	679
995	758
993	743
956	739
961	719
976	718
978	737
988	723
967	664
949	662
985	656
966	652
926	724
932	757
935	736
942	719
946	753
927	692
936	678
951	684
957	699
969	683
915	705
928	707
942	700
935	698
903	786
918	785
923	772
909	767
919	755
923	742
915	741
896	739
898	729
902	749
906	737
910	724
885	831
890	799
895	822
901	833
907	805
911	824
917	836
924	809
874	771
883	782
891	767
891	756
857	801
860	822
869	802
875	821
679	666
660	661
638	660
674	649
650	648
661	636
637	634
663	623
642	618
651	697
668	692
687	688
634	684
649	682
681	699
698	673
612	641
613	659
618	617
625	650
625	670
626	683
615	671
603	664
611	572
640	571
655	567
625	565
643	561
611	559
631	601
608	600
647	596
635	585
610	584
627	545
645	544
605	542
638	530
621	526
609	518
593	751
604	763
608	740
620	749
606	711
608	727
621	701
603	688
574	800
575	815
583	831
596	815
603	825
610	813
561	738
562	754
566	773
580	785
582	743
585	769
538	773
521	766
506	761
536	745
518	744
506	799
508	782
523	784
563	802
564	786
599	781
618	780
611	799
591	798
575	612
587	599
595	583
574	578
595	565
578	559
584	682
591	669
581	628
593	620
567	550
569	528
583	541
588	523
562	592
549	713
577	712
563	702
590	702
548	685
568	685
536	672
520	668
560	668
547	661
520	656
534	655
572	667
552	650
542	638
475	702
487	686
521	699
527	708
528	688
541	700
432	675
434	704
434	686
443	698
495	732
528	728
516	727
533	718
549	743
549	729
568	727
586	726
392	770
464	749
474	733
477	722
484	750
487	770
461	766
467	782
395	818
396	801
411	818
464	806
488	801
478	827
491	826
549	874
537	867
522	864
546	858
504	843
547	842
391	830
394	853
409	866
411	835
418	850
424	872
394	877
363	873
375	865
368	853
380	847
376	832
384	913
368	902
385	897
358	891
377	885
402	902
410	887
417	895
331	817
337	793
342	812
354	818
361	797
330	776
347	777
361	775
361	758
380	771
384	786
312	790
314	808
314	779
325	800
265	808
275	793
276	813
291	792
263	888
295	885
277	878
297	867
259	866
319	855
257	827
271	833
316	833
335	839
350	833
224	771
231	818
236	805
239	759
241	781
207	751
222	751
189	748
233	744
199	732
216	731
154	807
157	829
164	801
188	804
202	814
214	811
111	766
115	834
126	800
129	827
141	818
144	841
156	709
167	696
169	733
175	712
185	715
181	730
150	745
167	751
144	760
139	680
141	669
117	669
119	659
119	641
141	627
114	738
124	706
134	737
137	716
139	697
106	718
128	765
82	668
93	655
93	640
77	634
59	708
77	733
81	715
96	730
52	689
67	670
69	680
88	687
89	673
107	675
74	697
104	693
105	579
85	572
104	563
83	560
92	544
110	537
68	582
77	582
70	563
117	605
125	586
125	569
125	549
3	614
20	612
37	607
22	595
6	594
9	577
112	622
87	615
72	597
93	596
9	840
3	830
11	782
20	782
11	763
20	752
8	745
18	741
12	730
11	717
61	788
66	769
71	804
81	783
91	780
98	754
55	750
36	747
34	728
56	724
74	754
29	801
36	779
37	763
51	804
32	710
14	705
24	698
9	695
18	682
34	674
23	867
9	864
33	864
28	858
21	854
3	852
36	884
27	885
26	899
27	659
23	647
14	632
26	629
2	652
9	664
40	657
