1753	514
1780	513
1752	495
1766	471
1774	492
1789	471
1808	486
1811	513
1736	544
1783	544
1764	536
1804	534
1783	532
1734	525
1840	556
1847	574
1852	540
1857	553
1867	574
1757	580
1731	578
1780	565
1748	563
1875	613
1893	610
1856	601
1880	593
1835	592
1746	598
1778	586
2023	744
2044	740
2034	735
2023	733
2030	722
2044	722
2022	709
2037	703
2027	689
2044	689
2021	766
2045	766
2035	758
2044	754
2006	798
2025	790
2040	783
2009	779
2003	742
2001	740
1993	730
2008	728
2012	681
1994	678
2017	669
1991	669
2028	663
2036	676
2044	669
1819	643
1828	618
1831	659
1850	626
1850	653
1802	614
1856	676
1870	666
1893	664
1896	644
1875	636
1974	717
2000	714
1984	712
2009	698
1992	696
1979	687
1865	791
1834	790
1852	767
1825	766
1838	749
1865	744
1907	815
1881	809
1893	792
1901	773
1880	772
1883	751
1835	834
1820	826
1855	818
1836	811
1815	803
1865	839
1845	856
1854	884
1867	868
1771	896
1753	885
1767	871
1748	862
1650	877
1666	881
1670	862
1679	900
1690	873
1696	896
1655	909
1884	902
1892	876
1893	852
1895	829
1907	889
1915	866
1915	841
1709	878
1716	896
1728	875
1729	853
1732	895
1737	906
1654	974
1682	974
1669	956
1683	950
1644	950
1699	942
1702	960
1719	941
1724	953
1660	937
1639	930
1675	920
1703	917
1637	916
1730	919
1749	931
1759	919
1624	1012
1598	1002
1640	994
1615	993
1650	1008
1665	994
1682	991
1584	971
1593	945
1599	981
1604	959
1624	948
1629	970
1540	925
1563	922
1548	900
1565	896
1499	843
1507	862
1516	847
1527	852
1545	846
1545	864
1525	865
1489	896
1497	908
1509	892
1520	932
1522	921
1523	882
1478	878
1479	859
1490	877
1491	860
1391	531
1404	548
1404	572
1419	531
1430	554
1442	548
1359	569
1374	544
1384	578
1385	559
1396	625
1375	619
1394	601
1369	591
1441	631
1420	619
1437	605
1418	594
1432	581
1444	574
1450	592
1457	582
1358	677
1388	664
1404	653
1372	643
1414	641
1292	678
1323	671
1303	645
1337	636
1342	609
1438	712
1415	704
1435	684
1403	682
1420	670
1430	657
1459	665
1461	719
1463	699
1477	676
1479	702
1459	639
1468	633
1457	615
1331	756
1301	755
1311	728
1341	706
1311	701
1357	729
1369	763
1369	708
1382	694
1383	731
1387	708
1344	850
1348	824
1358	863
1372	857
1372	841
1383	817
1297	835
1311	830
1312	857
1332	876
1294	946
1295	927
1299	971
1312	958
1327	921
1328	938
1295	806
1324	803
1366	801
1339	783
1284	778
1382	779
1306	780
1250	760
1277	759
1261	739
1283	737
1259	715
1279	709
1266	653
1267	676
1241	688
1245	821
1270	816
1247	790
1270	785
1206	827
1213	796
1225	773
1225	823
1227	802
1208	739
1226	748
1203	871
1206	902
1223	886
1225	866
1238	874
1247	854
1230	846
1201	849
1164	792
1169	770
1170	835
1181	809
1191	782
1174	740
1153	733
1187	720
1193	759
1163	903
1184	887
1147	882
1153	862
1175	861
1264	946
1160	941
1174	921
1144	919
1137	828
1139	849
1149	842
1153	809
1151	783
1144	763
1109	922
1124	899
1124	866
1127	927
981	818
1005	817
954	805
975	803
997	794
943	779
967	761
971	774
990	771
958	887
948	875
928	852
987	832
1259	445
1272	468
1286	439
1293	462
1310	442
1223	484
1229	447
1241	435
1245	471
1249	492
1269	498
1279	533
1282	559
1292	511
1301	542
1312	490
1313	514
1292	484
1254	553
1236	538
1258	531
1255	515
1228	514
782	544
806	533
776	516
802	513
811	561
815	605
827	581
843	558
859	572
831	528
843	502
867	510
859	531
1252	613
1269	602
1241	600
1284	580
1242	575
753	601
767	569
783	593
787	622
600	313
627	310
655	303
610	286
629	282
651	263
621	261
696	337
673	335
683	318
701	310
688	293
674	283
605	374
627	367
619	343
643	343
603	347
676	386
695	381
651	380
702	361
664	360
686	357
597	418
611	399
621	415
640	404
668	447
645	441
679	426
657	424
674	407
807	458
824	475
834	439
842	403
851	468
831	414
808	410
622	485
599	472
622	462
588	444
619	433
648	466
862	427
867	454
871	487
885	461
887	433
880	409
771	464
773	491
775	431
783	447
796	488
802	431
390	939
397	961
402	944
417	938
419	963
426	951
375	963
377	977
382	997
388	954
402	1073
380	1057
391	1042
370	1041
407	1038
395	1024
414	1020
379	1020
401	1009
439	1004
370	1001
1250	993
1273	970
1286	1003
144	939
149	889
151	914
361	1025
363	982
147	771
170	770
165	746
145	735
186	730
70	805
103	796
61	785
77	773
63	856
88	848
72	837
87	827
62	822
149	863
168	858
157	833
172	826
187	811
163	796
60	928
87	911
60	893
93	877
46	874
86	941
112	925
110	950
119	843
121	756
127	786
132	811
123	867
117	901
126	969
7	513
8	540
9	488
16	456
24	545
24	523
8	665
10	641
18	620
5	611
10	580
121	722
166	715
139	691
159	677
115	672
9	723
10	695
80	717
91	742
99	697
