1940	505
1949	524
1951	471
1951	487
1958	505
1934	469
1929	535
1944	546
1960	539
1897	454
1918	450
1939	434
1897	431
1917	428
1915	369
1906	362
1927	357
1917	342
1952	334
1969	378
1914	412
1924	410
1902	409
1912	392
1927	385
1981	398
1988	380
1990	413
2000	393
1899	485
1902	519
1913	497
1916	479
1922	521
1920	543
1795	797
1799	832
1801	817
1812	791
1828	806
1830	833
1835	820
1845	837
1855	815
1860	834
1912	862
1876	856
1924	840
1888	833
1921	818
1934	883
1962	872
1948	863
1969	836
1954	824
1972	813
1794	867
1800	847
1835	858
1856	874
1845	875
1853	895
1846	916
1880	917
1886	903
1911	916
1928	910
1911	895
1869	882
1894	882
1873	943
1894	937
1905	772
1915	738
1928	783
1935	756
1956	743
1958	774
1714	713
1774	703
1748	700
1716	683
1749	675
1790	721
1873	720
1899	718
1928	722
1871	731
1876	799
1882	753
1896	791
1707	760
1729	743
1749	763
1757	730
1767	745
1786	761
1786	742
1802	773
1805	744
1824	763
1833	788
1835	744
1846	757
1851	738
1863	773
1607	509
1628	501
1618	495
1611	490
1597	485
1637	476
1587	477
1642	509
1648	542
1682	530
1688	507
1622	545
1619	526
1628	520
1618	511
1717	563
1722	573
1729	546
1734	513
1743	529
1705	524
1714	495
1735	491
1707	465
1696	588
1654	586
1634	581
1698	576
1641	566
1654	564
1692	552
1754	825
1762	791
1768	817
1769	769
1777	827
1759	512
1749	544
1752	869
1758	842
1770	884
1775	870
1775	852
1727	820
1717	799
1738	792
1722	776
1677	855
1697	836
1717	849
1734	837
1658	753
1662	720
1666	703
1686	705
1690	739
1694	677
1654	780
1656	820
1688	811
1694	782
1611	771
1604	748
1608	720
1632	710
1627	764
1632	735
1620	871
1647	871
1617	859
1626	856
1602	854
1673	880
1702	873
1719	864
1721	885
1610	844
1644	843
1620	825
1604	811
1636	801
1618	790
1602	784
1572	840
1573	874
1579	851
1589	825
1595	867
1575	723
1589	740
1577	761
1539	904
1547	870
1555	878
1561	919
1561	895
1629	934
1674	932
1704	928
1680	909
1700	906
1644	906
1583	909
1594	887
1601	921
1611	880
1612	914
1623	889
1620	958
1633	981
1647	971
1674	970
1657	951
1674	983
1688	948
1702	958
1203	558
1209	609
1210	586
1215	567
1221	584
1223	599
1208	626
1233	632
1240	619
1228	613
1240	603
1179	663
1190	655
1225	654
1240	646
1182	645
1201	692
1181	691
1193	679
1176	677
1224	703
1227	693
1236	690
1224	684
1234	677
1229	667
1304	855
1306	825
1320	832
1329	857
1334	838
1266	796
1278	778
1266	776
1265	764
1271	756
1249	735
1258	730
1234	722
1246	719
1232	712
1184	737
1191	702
1196	724
1201	739
1206	708
1191	753
1185	769
1163	749
1168	735
1169	755
1174	744
1174	710
1213	789
1216	779
1237	753
1250	750
1251	766
1209	769
1206	757
1271	854
1277	825
1286	845
1295	864
1296	808
1075	733
1086	740
1091	727
1101	741
1116	740
1115	754
1091	754
1053	757
1055	766
1064	748
1072	764
1074	749
1085	769
1103	768
1124	766
1134	761
1109	807
1121	801
1104	792
1119	788
1132	782
1058	787
1061	800
1072	779
1075	808
1079	790
1060	821
1070	844
1074	826
1085	839
1085	827
1034	885
1034	901
1041	928
1044	913
1057	929
1057	903
1074	928
1071	905
1081	913
1009	876
1031	864
1054	882
1054	857
1080	856
997	905
1008	926
1014	898
1022	918
964	881
969	863
979	876
987	857
990	881
992	867
1014	765
1023	774
1033	772
1044	759
1045	769
1007	816
1020	810
1019	797
1033	789
1024	783
1048	804
1002	827
1018	845
1018	828
1032	820
1044	835
976	813
1004	805
976	795
985	787
982	770
1002	769
956	845
977	842
996	842
966	830
933	875
933	868
942	888
946	858
924	898
928	913
942	908
952	921
967	900
905	765
916	774
932	788
943	763
953	772
898	892
907	851
912	868
913	912
915	884
918	935
891	927
884	908
887	875
896	860
888	841
896	817
892	794
883	760
884	735
894	720
828	692
790	692
789	678
801	677
816	677
850	709
837	702
857	680
843	660
871	717
869	707
878	704
873	688
878	688
846	760
857	742
846	731
832	728
840	860
841	881
854	840
862	864
870	886
859	911
843	817
869	817
853	797
834	785
867	782
806	787
820	764
821	750
815	736
824	713
822	808
826	840
806	841
825	866
749	802
729	801
723	789
747	784
733	773
741	757
718	833
706	827
732	821
702	809
727	877
742	870
726	848
703	846
734	919
765	915
717	912
750	900
730	896
709	893
689	919
691	947
698	929
700	911
691	894
681	902
697	876
710	865
751	953
711	949
733	948
749	935
722	931
724	984
712	981
733	979
702	964
721	959
736	962
290	739
332	736
322	728
290	727
303	716
322	715
316	758
340	754
317	744
303	740
324	749
268	764
271	777
276	789
303	777
306	789
321	823
348	820
334	812
318	810
324	767
326	848
336	863
345	833
350	848
356	833
357	860
277	576
255	569
291	567
266	555
281	545
254	539
231	571
234	599
243	551
245	588
286	616
262	614
251	608
279	601
265	596
279	650
292	648
287	635
194	632
274	631
296	670
281	665
293	658
261	656
313	704
282	701
297	695
272	689
304	683
286	681
199	1240
207	1231
175	1221
194	1221
200	1212
182	1298
187	1277
201	1277
206	1257
184	1255
149	1264
151	1212
156	1242
166	1275
160	1293
133	1168
112	1166
137	1148
116	1139
147	1130
245	1000
214	998
240	978
216	975
183	1008
186	1042
195	1005
195	1026
211	1050
224	1025
241	1041
254	1023
272	1013
102	1190
105	1224
116	1203
128	1232
127	1255
107	1245
132	1281
110	1263
156	1170
161	1151
180	1164
182	1139
197	1150
201	1174
177	1193
143	1187
254	841
257	831
240	821
250	819
222	815
235	809
224	801
237	789
242	779
241	762
222	835
236	833
107	904
71	899
91	888
121	879
122	864
64	834
70	848
89	837
113	851
14	847
42	857
45	842
45	884
52	827
