1879	749
1888	773
1894	744
1894	736
1909	764
1763	762
1799	754
1777	744
1755	742
1812	729
1787	714
1813	702
1833	698
1843	798
1855	766
1863	702
1869	726
1828	717
1818	803
1780	790
1799	770
1778	768
1881	893
1809	888
1879	876
1849	822
1857	816
1874	804
1849	931
1823	924
1813	911
1858	910
1838	905
1817	972
1810	953
1798	949
1801	933
1826	942
1846	952
1840	974
1862	964
1870	939
1548	987
1549	964
1574	965
1582	988
1661	970
1677	989
1586	1013
1604	993
1606	1024
1626	1008
1629	1032
1643	1010
1651	991
1661	1015
1524	1027
1531	995
1533	1043
1534	1021
1551	1039
1553	1014
1556	1052
1571	1043
1587	1068
1610	1049
1579	1084
1625	1070
1662	1041
1637	1041
1371	957
1377	982
1387	957
1387	938
1367	927
1375	915
1384	899
1378	877
1355	991
1328	980
1340	970
1326	960
1352	949
1327	947
1340	926
1316	922
1328	912
1358	903
1308	902
1333	892
1311	888
1358	883
1306	871
1325	869
1343	771
1375	765
1356	755
1333	752
1363	749
1371	781
1324	790
1303	787
1318	770
1311	758
1334	846
1354	825
1334	814
1366	804
1351	795
1305	859
1310	843
1297	838
1319	824
1294	817
1309	808
1386	863
1363	849
1391	846
1381	837
1369	823
1386	821
1379	802
1267	588
1249	581
1262	574
1253	564
1268	563
1255	544
1155	510
1169	469
1178	486
1194	510
1194	470
1164	496
1196	534
1221	530
1241	527
1230	511
1215	510
1212	488
1212	579
1214	552
1235	543
1235	574
1237	556
1230	599
1231	634
1214	619
1266	625
1249	619
1275	612
1254	599
1255	645
1278	642
1277	663
1163	574
1192	566
1163	556
1178	552
1168	535
1173	513
1192	599
1285	690
1291	711
1296	669
1310	692
1223	682
1223	661
1241	697
1245	673
1261	684
1265	703
1194	620
1159	611
1180	611
1152	589
1178	584
1121	677
1139	676
1110	674
1127	665
1109	659
1134	648
1164	674
1183	688
1189	639
1206	666
1206	643
1121	643
1076	642
1061	634
1084	628
1048	640
1053	657
1068	664
1057	677
1053	695
1118	719
1134	718
1119	700
1136	693
1088	709
1102	705
1180	732
1194	724
1165	721
1186	709
1200	708
1158	697
1163	756
1207	756
1187	749
1198	741
1182	806
1200	799
1181	786
1199	779
1178	770
1197	763
1212	792
1230	806
1208	817
1126	813
1141	787
1143	805
1147	768
1160	781
1160	798
1165	819
1215	851
1264	845
1249	837
1227	833
1244	821
1183	853
1171	840
1199	839
1185	836
1188	823
985	799
1016	823
1022	833
1033	813
1007	844
1006	861
1029	848
970	760
975	778
994	758
997	776
1009	757
1026	752
918	801
929	817
939	802
955	824
960	801
964	793
943	749
919	741
933	729
911	720
981	748
906	781
924	766
939	782
953	765
891	703
870	700
918	699
893	688
917	682
944	682
938	694
953	714
866	737
882	750
883	721
897	763
898	733
855	807
858	788
873	813
883	789
891	811
862	839
1120	755
1092	749
1103	746
1123	736
1084	733
1106	729
1113	748
1150	738
1138	758
1121	795
1102	785
1113	774
1080	769
1097	765
1048	830
1056	819
1052	808
1036	793
1047	790
1063	785
1062	761
1067	743
1086	849
1101	833
1081	832
1092	817
1104	810
1081	801
1047	871
1066	860
1053	853
1044	849
1097	855
1098	872
1113	854
1115	870
1114	833
1242	1243
1247	1229
1261	1212
1266	1233
1273	1200
1275	1215
1242	1205
1255	1191
1233	1185
1234	1026
1246	1020
1256	1005
1277	996
1264	989
1284	974
1283	949
1267	948
1268	933
1237	933
1275	925
1248	915
1214	1209
1217	1175
1221	1155
1223	1201
1226	1222
1229	891
1256	876
1224	867
1249	863
1235	998
1215	984
1249	979
1223	966
1247	953
1220	948
1232	943
1213	935
1226	920
1222	908
1204	921
1196	908
1205	891
1185	884
1167	873
1198	865
1164	959
1167	981
1177	971
1184	992
1193	1009
1205	958
1147	870
1131	868
1133	853
1149	852
1137	835
1151	832
1143	947
1159	907
1140	891
1155	885
1129	956
1121	937
1122	915
1073	946
1077	930
1100	944
1103	929
1106	961
1113	911
1000	888
1014	885
1030	866
1031	886
1072	914
1086	902
1073	891
1086	877
1069	876
1026	926
1049	914
1020	904
1052	890
1003	934
1022	947
1041	958
1050	935
1056	943
1048	1060
1026	1059
1004	1047
1048	1043
1030	1034
956	1013
978	1010
969	994
954	983
983	973
1006	1021
1024	1015
1017	999
998	996
1008	975
1041	1092
1016	1084
1056	1079
1043	1072
1058	1066
999	1094
1025	1107
1040	1117
1054	1104
977	1080
965	1064
979	1059
964	1037
986	1033
995	1072
952	873
972	873
944	854
971	845
961	959
946	957
938	949
959	937
936	893
947	916
963	915
964	896
981	895
920	958
896	949
908	942
930	932
896	922
916	909
885	841
894	862
906	826
920	853
931	834
881	876
924	877
879	918
882	888
885	904
893	884
899	900
908	887
913	1081
921	1035
926	1063
928	1084
938	1026
943	1060
837	973
807	970
822	961
832	942
818	892
828	913
807	914
820	930
812	934
895	1002
909	994
901	985
915	971
850	954
863	978
866	893
869	956
868	996
857	1018
882	1015
863	1039
847	876
822	1057
814	1039
804	1012
834	1000
818	987
802	986
834	1024
842	1049
866	1076
877	1063
890	1073
898	1053
856	1096
879	1093
873	1111
757	987
731	984
713	980
752	967
723	962
769	960
783	975
772	981
708	950
757	944
730	940
707	920
739	914
764	837
795	832
776	820
759	818
751	894
720	890
740	872
748	858
732	854
745	836
841	808
841	795
833	773
851	761
810	860
816	814
822	838
840	825
841	858
791	923
762	921
785	893
763	875
786	865
775	850
796	952
730	1019
750	1009
717	1000
736	999
767	1003
823	755
834	744
811	735
817	725
843	721
817	704
798	689
780	686
765	682
739	670
789	661
820	676
847	691
729	726
738	704
767	709
786	710
788	724
802	713
705	659
765	654
746	637
719	634
750	650
588	541
605	523
621	516
621	555
623	527
644	550
650	504
650	524
664	536
668	562
570	601
612	601
588	581
624	579
564	564
727	603
724	577
699	573
721	547
698	544
688	522
666	694
679	672
694	713
708	694
637	606
640	646
658	596
660	629
688	602
688	632
675	656
604	762
588	745
617	740
598	724
617	712
589	704
589	652
611	647
610	621
586	616
575	687
596	685
626	667
653	669
539	733
541	710
558	700
561	725
564	756
566	670
462	739
478	781
480	756
491	728
503	774
506	751
393	753
409	721
411	771
430	745
437	721
459	715
388	703
424	698
448	698
424	682
321	759
340	744
348	722
369	741
377	722
427	857
435	840
443	870
449	851
465	873
456	890
433	899
441	913
391	866
408	865
409	850
411	897
411	880
335	825
352	823
366	799
374	773
340	770
392	792
412	799
449	797
445	776
269	832
280	794
296	815
312	834
320	786
259	854
287	848
290	866
323	850
233	841
234	870
248	799
250	817
347	904
359	886
368	881
370	899
382	885
368	940
391	938
358	924
379	919
398	918
412	932
424	916
200	872
194	852
193	827
219	811
193	800
209	785
195	757
209	847
209	920
184	909
227	900
205	898
175	921
164	909
160	896
176	889
155	876
173	861
147	854
140	835
166	829
162	803
175	777
164	762
155	735
134	728
178	736
103	861
107	883
126	862
132	890
113	833
74	827
111	809
73	795
108	788
115	771
137	769
139	789
125	747
41	827
50	803
57	828
61	857
66	809
67	872
74	854
67	888
41	703
9	690
57	688
40	675
8	670
60	780
40	776
8	772
58	757
25	745
63	737
3	798
9	823
22	799
26	832
42	726
3	725
15	715
69	714
