2022	884
2038	880
2017	868
2038	864
2022	853
2043	850
2036	925
2023	918
2006	916
2036	895
2039	910
2046	897
1812	855
1991	907
1999	874
2004	855
2011	902
2001	890
1800	844
1788	842
1790	829
1806	826
1796	804
1770	888
1785	893
1787	878
1795	894
1796	858
1802	872
1757	832
1762	820
1763	805
1768	830
1777	799
1766	841
1752	790
1770	786
1753	774
1770	762
1754	757
1719	782
1721	766
1732	770
1735	786
1739	752
1728	805
1713	796
1741	815
1641	835
1683	829
1654	828
1671	819
1685	810
1664	806
1656	793
1627	791
1646	789
2024	807
2036	819
2044	806
2014	832
1611	805
1625	804
1609	794
1598	783
1611	780
1600	772
1631	814
1643	810
1639	820
1660	717
1648	707
1663	701
1663	689
1609	723
1601	712
1616	709
1601	698
1622	697
1640	744
1650	737
1628	730
1648	725
1636	721
1629	708
1606	761
1600	747
1619	742
1595	735
1654	774
1630	771
1640	768
1647	762
1629	757
1655	750
1761	935
1765	922
1766	907
1784	909
1730	928
1733	916
1735	942
1742	929
1750	912
1754	943
1737	844
1751	840
1736	830
1747	827
1736	822
1692	847
1698	864
1711	849
1726	859
1717	837
1706	832
1717	819
1742	872
1753	869
1743	860
1756	856
1754	897
1661	843
1675	874
1678	858
1679	841
1686	859
1692	876
1678	904
1658	902
1696	901
1705	890
1665	887
1678	885
1715	892
1712	874
1730	879
1666	915
1673	930
1687	917
1700	919
1709	909
1625	653
1638	644
1621	641
1622	628
1639	628
1642	617
1671	680
1668	664
1655	656
1671	649
1658	636
1656	623
1594	686
1608	683
1619	668
1598	666
1609	661
1639	694
1652	681
1631	681
1634	664
1491	817
1515	816
1499	809
1510	804
1490	799
1498	792
1524	798
1529	812
1543	797
1543	810
1554	803
1546	825
1496	827
1504	843
1510	856
1512	837
1520	865
1522	844
1525	831
1529	858
1535	842
1552	843
1538	867
1542	853
1527	704
1528	718
1530	732
1542	717
1550	742
1554	718
1527	769
1536	756
1517	755
1525	742
1550	778
1561	753
1529	783
1511	778
1559	768
1495	751
1511	738
1496	732
1496	720
1509	711
1511	788
1487	787
1499	777
1484	774
1505	766
1489	763
1462	1038
1465	999
1466	1023
1476	1038
1478	1010
1483	993
1451	986
1480	981
1461	976
1469	961
1453	961
1494	961
1483	951
1498	946
1488	937
1430	959
1438	970
1438	944
1445	954
1446	974
1389	964
1400	946
1406	984
1412	964
1417	946
1428	984
1430	1015
1434	995
1444	1007
1449	1021
1449	1031
1495	1023
1491	1015
1497	998
1505	988
1494	978
1511	969
1485	1027
1455	884
1455	859
1457	876
1466	869
1472	889
1478	862
1463	947
1454	946
1472	938
1461	919
1468	908
1456	902
1410	883
1441	881
1444	864
1420	862
1436	862
1404	920
1431	912
1406	900
1441	900
1424	898
1426	929
1447	932
1448	912
1369	844
1378	840
1413	846
1432	847
1442	832
1422	829
1397	850
1454	845
1466	852
1353	864
1354	874
1372	876
1379	868
1394	867
1339	847
1341	822
1344	834
1356	833
1359	851
1314	889
1319	862
1328	855
1334	885
1340	865
1349	889
1282	860
1298	849
1302	870
1309	842
1340	998
1358	983
1347	970
1330	965
1378	959
1360	956
1373	937
1383	937
1329	949
1344	948
1354	936
1331	931
1344	916
1329	906
1264	912
1280	906
1298	905
1252	900
1293	887
1276	880
1375	917
1364	915
1385	911
1368	896
1381	891
1277	957
1290	950
1274	940
1305	937
1289	923
1308	915
1376	1050
1377	1029
1369	1022
1367	998
1380	993
1367	976
1362	1042
1364	1065
1325	1070
1345	1065
1322	1046
1342	1044
1333	1027
1348	1019
1310	995
1319	978
1298	970
1312	957
1315	1016
1310	1032
1191	959
1211	952
1189	948
1206	943
1186	1000
1203	991
1221	990
1183	973
1212	970
1197	969
1242	1027
1232	1008
1241	981
1229	951
1241	950
1242	933
1240	915
1203	1039
1218	1034
1184	1034
1201	1019
1186	1016
1215	1009
1251	1049
1261	1036
1262	1063
1264	1048
1256	1017
1247	1000
1207	1076
1217	1063
1194	1062
1196	1050
1229	1079
1247	1072
1236	1059
1232	1046
1183	1094
1191	1105
1205	1094
1226	1096
1275	1117
1276	1103
1283	1074
1286	1088
1269	1084
1275	1065
1253	1121
1260	1113
1241	1108
1259	1099
1242	1090
1211	894
1218	918
1222	935
1228	897
1206	867
1223	855
1224	877
1234	870
1243	858
1253	876
1181	933
1199	926
1180	917
1176	904
1178	893
1190	883
1169	879
1171	862
1181	854
1200	853
1168	844
1229	802
1217	800
1238	789
1226	777
1217	773
1117	721
1140	721
1108	716
1153	715
1127	711
1116	709
1101	710
1125	722
1166	750
1178	745
1187	745
1181	731
1168	728
1196	743
1150	763
1130	759
1138	746
1125	737
1154	733
1107	736
1116	748
1209	786
1169	782
1201	774
1184	765
1201	756
1146	791
1125	788
1151	776
1132	773
1118	770
1183	832
1202	822
1174	820
1192	807
1189	795
1141	807
1238	839
1220	835
1238	820
1223	817
1261	811
1259	828
1250	840
1267	842
1134	1084
1137	1100
1148	1078
1167	1093
1172	1101
1111	1036
1134	1032
1102	1017
1122	1015
1142	1011
1144	1063
1158	1063
1121	1059
1102	1055
1131	1045
1149	1041
1101	1084
1103	1071
1113	1094
1116	1079
1037	1036
1054	1032
1017	1029
1041	1018
1021	1009
1038	1000
994	1053
1005	1047
996	1032
1007	1019
988	1010
1003	1000
1004	1096
995	1080
1014	1079
1001	1067
1006	1111
991	1095
1013	1062
1024	1093
1035	1070
1045	1053
1023	1050
1042	1088
1025	1108
1025	1117
1048	1074
1025	965
1040	964
1036	950
1019	949
1015	937
1071	955
1084	963
1149	973
1128	968
1144	960
1124	957
1142	947
1172	965
1011	987
1031	984
1047	981
1011	972
994	990
980	984
994	974
1003	955
991	945
1113	999
1143	992
1126	987
1092	984
1113	980
1105	978
1056	995
1060	968
1063	985
1074	996
1075	977
1091	999
1001	786
1022	780
1004	769
1018	767
1003	756
981	792
983	772
983	757
988	750
990	742
1011	806
1019	803
1027	798
1015	790
1031	789
998	799
1012	817
1029	815
1042	812
974	831
978	816
984	836
990	819
992	829
1005	836
1036	833
1049	827
1057	828
1059	844
1046	860
1012	892
1023	883
1029	868
1008	868
1035	851
1014	849
991	913
998	897
994	881
988	865
997	851
983	851
962	854
966	871
975	856
975	881
977	905
975	921
957	921
961	909
944	891
947	902
948	882
954	868
958	894
949	957
900	1020
901	1037
902	1008
910	1021
913	1032
915	1007
896	1047
906	993
890	992
907	978
901	968
899	958
921	920
924	885
932	897
936	881
939	952
929	950
942	942
935	934
922	963
916	937
925	976
918	990
937	964
873	1024
882	1038
885	1011
886	1026
894	946
901	931
891	927
894	914
904	910
909	900
871	916
871	930
874	956
881	927
884	912
881	949
883	965
938	656
873	655
898	655
916	653
868	697
878	685
869	672
888	670
879	664
910	702
899	692
916	684
901	670
919	666
928	712
942	700
931	692
945	682
932	677
970	770
960	761
972	753
968	741
977	733
950	811
959	802
947	788
966	785
952	778
965	818
961	830
894	746
916	745
906	731
920	730
897	715
909	758
895	761
889	797
882	791
888	776
869	775
889	811
872	805
902	795
898	783
879	755
866	750
877	741
866	740
886	730
866	728
799	990
807	967
814	985
824	975
823	1001
847	979
789	1010
794	1047
801	1025
811	1010
817	1037
801	1062
761	991
762	1035
763	1012
776	992
779	1029
779	1045
768	975
755	975
748	965
781	965
759	961
767	950
746	950
791	948
758	941
774	937
738	931
809	940
825	954
817	898
821	917
861	925
863	939
856	932
848	935
851	949
860	961
738	875
746	863
760	883
769	863
778	884
792	864
801	886
819	877
869	762
856	762
857	776
866	793
728	896
712	892
702	888
722	884
719	893
742	890
764	900
740	917
749	910
761	924
786	905
793	925
800	906
703	912
711	926
713	903
719	927
727	909
729	923
701	951
715	941
707	939
696	933
714	953
707	965
695	967
680	933
670	932
671	919
684	914
669	908
686	899
689	981
656	978
670	978
678	966
702	977
690	996
664	991
676	992
653	960
664	960
684	955
672	947
660	946
688	943
692	869
698	851
701	841
708	868
713	855
722	868
671	892
661	886
680	879
667	873
681	864
658	856
670	853
683	851
658	850
634	806
622	800
620	785
625	776
616	827
618	840
627	838
627	820
637	826
612	912
626	911
617	900
621	878
634	899
630	885
604	874
634	873
618	860
630	859
606	855
623	849
605	975
621	973
615	965
596	964
604	891
593	883
594	868
585	863
590	848
581	838
598	836
586	825
597	821
612	814
637	1010
615	1007
631	990
614	987
568	1017
581	1015
592	1000
573	996
583	982
634	1048
616	1045
613	1037
633	1033
605	1027
582	1075
572	1064
581	1057
598	1054
571	1047
585	1034
584	1118
604	1107
588	1100
572	1090
590	1134
621	1103
603	1082
624	1081
614	1065
635	1065
636	1092
610	1120
614	1135
530	949
542	962
545	947
557	956
526	1044
540	1024
537	1011
527	1000
536	984
499	937
504	951
507	922
511	963
519	937
507	991
509	1006
495	1019
507	1052
474	939
481	954
487	945
494	916
491	965
476	973
492	987
485	1004
488	1041
415	1051
430	1042
417	1031
436	1026
426	1013
447	1030
441	1009
398	1037
397	883
405	903
414	891
424	909
431	904
357	914
364	887
364	906
377	889
384	910
390	896
387	927
349	954
360	950
353	933
370	933
315	938
320	967
321	952
333	940
336	957
338	974
301	930
325	927
296	910
312	905
340	930
286	935
287	951
301	966
302	948
258	864
285	854
298	854
272	847
288	836
251	882
261	920
270	892
275	878
241	1012
257	1000
250	983
271	983
194	992
232	991
225	986
210	982
232	973
198	969
218	961
195	947
217	942
190	928
205	925
206	1018
188	1009
222	1005
211	1000
171	1019
186	1026
199	1036
182	1050
167	1079
167	1002
152	989
157	975
147	1005
154	1020
168	1036
145	1041
154	1053
140	970
174	964
152	949
174	949
154	935
172	930
178	984
137	1080
139	1111
140	1069
146	1081
155	1103
163	1089
101	1096
101	1076
114	1106
121	1089
128	1100
127	1072
97	1065
112	1063
126	1059
109	1052
100	1044
70	1092
70	1063
77	1076
83	1104
86	1055
35	1081
41	1102
48	1088
53	1071
59	1104
