1821	552
1831	545
1823	531
1841	531
1839	554
1869	555
1861	535
1876	524
1856	519
1839	602
1814	600
1825	588
1844	584
1815	571
1834	571
1869	622
1854	611
1869	601
1872	589
1868	575
1851	564
1864	644
1890	641
1881	636
1851	631
1823	641
1834	622
1819	622
1824	610
1841	644
2023	718
2027	691
2037	706
2039	720
2044	695
2043	680
2025	677
2042	667
2021	665
2035	655
2034	634
2009	628
1997	617
2016	614
2007	599
1986	717
2002	691
2006	726
2015	706
2019	733
1999	708
2007	678
1903	686
1906	700
1913	696
1921	688
1928	702
1980	608
1960	606
1975	602
1952	597
1967	592
1983	591
1952	581
1988	577
1975	574
1951	566
1987	564
1998	572
1999	586
1938	629
1939	650
1948	640
1949	660
1961	624
1978	624
1909	670
1898	661
1915	656
1916	642
1887	606
1894	594
1896	583
1892	569
1908	564
1886	556
1881	685
1884	700
1894	679
1894	690
1897	703
1900	715
1908	733
1904	746
2021	431
2039	426
2016	418
2036	411
2022	404
1949	456
1967	442
1952	435
1976	423
1955	413
1975	405
1989	444
1997	411
1998	426
2006	446
2010	461
1996	474
1986	465
2016	479
2032	489
2042	474
2030	466
2044	456
2031	444
1957	553
1964	545
1957	537
1947	521
1974	459
1885	535
1904	542
1914	552
1939	418
1944	549
1937	561
1935	577
1935	525
1841	752
1841	723
1846	740
1854	729
1856	743
1861	751
1864	670
1882	670
1865	659
1849	657
1880	652
1864	716
1865	706
1853	706
1854	693
1843	686
1874	733
1880	718
1889	715
1895	730
1890	742
1876	753
1893	757
1802	742
1818	727
1824	748
1829	720
1832	736
1829	762
1485	620
1500	611
1487	598
1500	597
1474	632
1484	634
1495	625
1473	585
1480	557
1484	573
1492	562
1497	582
1497	569
1452	570
1458	549
1462	580
1465	564
1452	587
1465	601
1466	615
1460	629
1447	541
1458	529
1473	539
1475	521
1490	540
1378	686
1391	678
1407	675
1376	670
1403	705
1387	705
1418	695
1389	693
1403	693
1390	718
1392	736
1405	727
1420	728
1467	742
1481	751
1481	735
1493	752
1482	792
1491	798
1475	804
1479	810
1482	761
1442	752
1383	749
1392	747
1404	745
1426	712
1427	692
1424	679
1421	664
1422	746
1430	735
1432	763
1430	776
1400	600
1387	595
1406	585
1397	580
1411	573
1396	571
1416	612
1434	605
1419	594
1430	585
1418	579
1433	652
1420	648
1432	637
1422	636
1432	627
1422	622
1402	662
1374	651
1405	646
1390	645
1446	793
1447	736
1450	772
1457	752
1463	796
1464	724
1461	807
1387	796
1370	784
1381	779
1395	770
1373	767
1385	761
1372	802
1401	785
1405	804
1412	779
1414	763
1420	788
1412	791
1404	821
1367	839
1351	830
1383	830
1394	813
1367	819
1355	811
1368	635
1406	629
1381	627
1391	617
1378	614
1361	585
1372	571
1375	582
1385	579
1368	604
1375	599
1382	592
1334	655
1293	653
1305	647
1327	647
1315	642
1299	633
1320	628
1284	624
1310	618
1286	612
1252	639
1262	625
1263	651
1276	639
1278	654
1241	572
1241	550
1248	557
1261	554
1262	570
1218	613
1222	599
1241	604
1250	609
1252	588
1233	587
1268	585
1216	583
1184	565
1196	565
1197	547
1216	554
1217	571
1228	560
1226	574
1183	622
1170	616
1194	610
1184	599
1194	586
1182	585
1113	593
1102	581
1116	577
1105	566
1118	554
1103	548
1082	608
1093	618
1112	610
1126	600
1053	580
1074	571
1080	546
1090	572
1094	557
1053	551
1084	593
1099	594
1070	598
1046	529
1060	536
1063	518
1081	529
1090	521
1096	537
466	358
467	374
477	362
481	370
486	386
433	408
446	404
457	396
426	394
462	389
441	387
457	411
498	422
463	422
481	414
513	410
491	402
471	399
426	424
444	423
439	416
421	410
501	377
504	392
513	365
522	382
526	370
526	395
544	396
563	393
553	391
546	381
543	370
560	440
574	428
559	428
553	409
571	409
524	410
525	435
535	422
540	455
544	442
521	462
409	443
394	437
402	424
414	419
383	470
398	466
410	465
413	456
395	453
380	450
379	492
359	488
388	483
367	478
435	493
438	505
443	478
454	492
455	506
467	485
476	493
469	513
383	522
363	518
374	514
390	504
367	502
419	522
430	521
404	508
420	499
405	487
423	478
430	462
450	454
422	450
431	441
452	436
462	473
473	467
474	446
490	461
498	494
507	476
501	468
515	443
497	440
505	537
535	535
522	535
525	519
508	518
519	508
447	565
459	556
461	564
473	552
481	565
485	548
506	568
491	562
508	556
525	552
647	582
647	561
653	571
664	581
667	568
624	503
624	468
632	485
637	511
640	472
644	501
633	526
618	527
617	515
614	552
626	545
637	553
659	551
588	505
601	501
589	490
601	486
601	468
581	545
584	521
590	536
592	550
598	521
580	532
594	568
607	575
619	569
631	586
637	573
589	579
579	583
1231	640
1243	633
1219	628
1224	621
1236	619
1204	648
1196	647
1181	644
1193	634
1156	661
1176	666
1188	661
1193	677
1196	658
1204	671
1238	675
1235	666
1225	666
1229	653
1242	653
1232	688
1141	698
1158	693
1131	692
1143	683
1153	677
1174	704
1179	690
1191	698
1196	708
1204	693
1209	718
1186	719
1170	716
1342	696
1312	693
1328	688
1327	669
1315	660
1341	677
1250	699
1264	694
1285	687
1271	681
1287	675
1280	668
1301	662
1303	674
1297	690
1296	738
1301	727
1262	713
1283	703
1309	709
1318	747
1330	747
1316	729
1331	727
1315	715
1328	703
1311	776
1333	769
1322	760
1305	759
1332	755
1052	733
1067	723
1048	718
1061	704
1056	686
1070	672
1100	658
1089	652
1116	652
1099	640
1115	628
1104	689
1077	687
1094	675
1111	669
1085	666
1083	735
1092	723
1081	718
1098	707
1090	695
1075	701
1074	738
1077	752
1073	659
1060	652
1075	642
1068	632
1064	619
1076	619
1068	798
1068	783
1068	766
1063	747
1053	796
1049	810
1061	815
1060	838
1016	769
1016	753
1024	737
1004	731
1014	728
1003	715
1023	713
1038	700
1020	696
1038	685
1045	669
999	703
1007	699
996	687
1003	685
1023	684
1013	672
1026	659
1039	657
1037	638
1050	629
1031	623
1043	615
1037	780
1030	762
1043	761
1038	743
1035	724
1052	775
1034	799
1038	823
1044	840
997	659
1011	647
998	636
1020	634
998	623
1015	621
1009	818
1023	811
998	800
1022	786
1010	795
1009	838
991	836
991	853
1029	843
976	709
984	684
987	699
989	715
986	732
988	817
1276	761
1279	727
1281	744
1291	760
1274	719
1297	716
1226	756
1236	731
1237	742
1243	750
1257	738
1259	747
1265	729
1179	784
1201	782
1222	779
1186	773
1234	766
1247	783
1260	760
1247	761
1263	785
1179	756
1179	734
1191	751
1192	737
1201	748
1211	760
1184	802
1186	813
1194	796
1207	803
1201	827
1188	834
1178	846
1195	845
1214	853
1146	784
1163	781
1139	769
1159	766
1140	755
1134	793
1143	805
1154	823
1161	794
1164	810
1169	823
1159	839
1161	745
1129	738
1146	733
1161	728
1137	720
1154	713
1309	815
1320	805
1307	798
1333	793
1321	787
1213	824
1227	797
1229	825
1245	805
1249	821
1262	800
1281	812
1284	796
1289	825
1298	811
1300	791
1297	776
1277	779
1228	852
1253	851
1230	839
1252	836
1277	852
1265	848
1274	840
1267	829
1245	901
1236	892
1255	887
1223	876
1243	870
1213	865
1269	868
1270	891
1277	869
532	603
553	599
532	592
547	581
520	645
534	643
521	629
534	629
529	619
519	614
557	657
540	656
544	638
549	618
536	696
520	689
535	682
521	674
532	665
519	659
551	707
552	690
556	674
566	683
570	701
709	764
725	758
692	757
706	746
721	743
729	791
744	785
714	782
728	773
745	772
737	765
746	815
731	812
753	805
711	802
692	816
695	804
695	788
699	775
688	773
705	815
701	834
710	845
746	849
728	842
746	834
732	829
717	829
756	828
367	626
367	612
370	594
379	624
379	609
384	594
375	640
368	648
385	576
367	573
390	559
382	544
367	534
363	555
339	512
348	527
352	509
352	546
340	575
328	589
355	589
339	597
328	607
299	610
355	606
319	600
307	596
311	586
452	525
471	537
492	527
493	508
397	526
404	586
405	568
416	581
419	537
440	580
480	613
484	595
490	575
499	600
436	610
450	597
453	582
457	617
463	580
466	601
399	636
411	628
399	625
417	614
401	603
412	595
461	655
442	649
427	646
454	642
432	633
444	626
469	631
486	630
476	642
551	902
567	900
571	880
555	880
598	930
583	922
608	916
589	908
612	902
599	889
585	980
587	964
604	945
590	944
570	866
558	858
586	850
578	839
558	836
549	736
572	733
550	722
583	720
569	717
537	720
514	717
538	709
529	707
488	722
500	739
502	761
511	776
595	826
609	826
577	812
597	807
584	791
563	821
551	818
596	863
604	844
606	862
615	834
616	859
605	875
589	877
562	972
568	955
551	949
573	938
553	935
563	921
290	731
294	620
307	620
310	634
300	749
314	741
306	732
288	753
294	770
268	786
269	803
284	783
291	800
305	800
273	771
259	754
272	751
278	742
256	736
235	793
245	824
248	807
253	790
256	819
255	835
239	812
266	728
247	723
282	719
264	715
254	712
243	711
224	722
209	734
224	743
235	735
239	756
394	807
411	802
396	789
411	781
396	768
422	722
426	793
428	763
428	744
425	822
426	835
419	844
432	853
416	827
377	758
394	756
418	755
408	752
416	740
400	736
426	690
407	687
417	677
408	668
419	662
412	644
433	709
439	677
440	726
446	691
452	711
461	724
460	739
445	740
440	756
371	806
357	793
371	774
354	771
381	791
376	813
408	895
402	838
387	833
404	824
393	818
397	910
387	907
