1712	176
1739	168
1715	150
1767	118
1718	116
1757	149
1777	235
1747	232
1701	225
1769	213
1747	200
1802	240
1802	159
1806	218
1807	186
1825	205
1779	154
1786	254
1694	326
1707	321
1694	303
1724	297
1763	288
1708	271
1754	261
1879	438
1963	437
1919	434
1943	429
1899	409
1950	505
1913	499
1915	474
1911	457
1951	455
1941	529
1915	533
1890	530
1914	384
1837	377
1897	369
1840	356
1872	351
1834	341
1687	365
1726	365
1672	350
1732	346
1749	345
1754	374
1776	367
1782	325
1791	349
1804	369
1809	319
1804	300
1788	294
1730	431
1750	428
1773	421
1739	403
1757	402
1714	392
1695	393
1668	405
1845	413
1858	435
1865	385
1866	417
1876	460
1878	399
1863	449
1876	484
1796	455
1834	447
1796	424
1818	420
1818	396
1795	396
1727	489
1737	451
1739	471
1749	488
1765	454
1775	479
1777	661
1808	650
1791	638
1804	610
1782	603
1739	630
1770	630
1746	607
1739	580
1770	575
1756	573
1737	559
1760	545
1746	533
1760	520
1737	518
1703	653
1714	625
1718	661
1719	646
1720	594
1984	543
1971	528
1998	518
1977	492
2000	491
2008	464
2022	537
2028	588
2041	487
2045	548
2045	520
2029	469
2021	505
2003	598
1986	589
1983	570
2006	570
2023	642
1998	631
2027	615
1985	608
1928	685
1914	666
2043	648
1912	648
1904	735
1875	728
1861	714
1862	697
1927	721
1907	697
1851	647
1853	681
1868	661
1881	682
1862	630
1860	622
1868	609
1859	588
1865	575
1850	563
1796	579
1810	579
1825	599
1825	574
1916	590
1925	612
1898	555
1913	545
1895	623
1299	687
1300	720
1304	744
1307	702
1319	722
1329	697
1300	771
1325	760
1236	674
1254	673
1217	665
1215	628
1246	617
1281	548
1296	519
1309	556
1321	570
1326	555
1328	531
1312	589
1304	496
1281	500
1223	554
1229	585
1246	568
1262	522
1246	513
1254	590
1255	649
1270	628
1281	656
1300	634
1318	659
1320	613
1217	690
1241	693
1261	704
1284	710
1132	666
1133	695
1151	647
1153	688
1156	669
1160	617
1186	670
1190	604
1191	697
1195	642
1772	701
1797	699
1749	695
1765	677
1789	675
1754	662
1696	709
1718	708
1705	694
1725	683
1704	677
1687	671
1741	775
1715	768
1735	754
1691	747
1708	739
1739	729
1769	779
1770	754
1795	743
1772	732
1791	726
1815	757
1793	766
1264	737
1265	773
1272	816
1297	814
1324	810
1320	836
1201	746
1201	724
1226	730
1234	755
1244	725
1252	755
1139	727
1149	754
1156	735
1172	740
1132	771
1107	770
1127	749
1114	729
1119	701
1183	854
1202	844
1192	772
1223	768
1211	853
1115	862
1132	859
1105	848
1121	835
1778	856
1810	853
1790	832
1813	816
1808	913
1809	888
1790	886
1767	880
1798	871
1721	897
1726	921
1743	898
1768	909
1728	883
1714	863
1739	861
1717	836
1757	836
1780	980
1749	968
1766	960
1731	947
1751	935
1785	933
1810	940
1796	951
1193	930
1202	991
1208	956
1219	934
1222	919
1234	976
1183	918
1195	915
1212	1027
1192	1022
1227	1019
1212	1010
1165	1006
1148	988
1169	984
1170	943
1182	956
1205	897
1172	883
1143	876
1197	875
1211	872
1156	868
1138	935
1117	932
1124	908
1121	892
862	741
835	730
800	722
775	701
884	695
804	855
829	834
792	771
838	755
806	753
741	876
771	867
741	844
770	821
748	814
788	830
809	820
818	935
848	927
828	907
843	877
824	868
786	935
759	926
740	912
798	907
761	897
850	1005
826	1001
849	981
829	970
849	951
764	1012
796	1010
748	1004
776	984
796	962
762	954
817	1079
834	1059
812	1049
839	1040
772	1088
800	1076
773	1060
787	1038
758	1034
828	325
845	320
876	307
829	268
863	382
824	377
861	362
833	359
835	346
850	344
858	470
797	464
878	462
828	453
865	441
797	438
799	420
853	408
794	407
832	403
787	365
789	396
793	383
799	373
808	268
709	67
713	8
739	10
760	10
780	19
632	50
634	16
655	45
661	5
681	72
681	21
798	89
802	122
816	68
816	24
834	57
847	32
724	40
744	65
772	63
797	51
721	78
764	39
651	119
674	107
694	118
716	108
733	120
778	120
714	192
728	160
738	190
753	163
753	135
705	210
686	198
661	171
646	155
701	151
671	144
527	215
481	198
471	180
554	165
508	141
433	134
501	108
516	90
525	73
73	309
96	299
71	290
67	267
105	263
81	245
129	324
85	323
108	318
44	316
13	354
14	324
11	303
43	294
9	260
3	235
111	367
59	362
89	349
119	344
29	374
31	339
34	255
23	223
18	198
336	276
264	272
231	267
340	234
270	229
239	228
277	285
314	215
311	275
345	334
326	325
336	303
360	296
369	360
372	312
377	339
394	322
398	380
400	352
302	424
258	418
317	407
284	404
267	400
218	427
271	377
605	290
609	305
632	298
636	323
779	335
784	317
767	295
792	297
818	303
564	563
574	512
572	482
567	416
579	397
564	368
544	332
557	341
579	323
580	298
594	350
531	432
512	409
520	384
534	372
548	389
614	383
608	409
512	551
539	539
510	524
541	507
839	531
831	494
813	508
490	470
491	452
504	487
530	478
554	449
582	452
116	433
80	421
104	414
77	399
121	387
79	514
100	485
58	483
102	455
59	453
87	441
49	546
76	541
77	570
101	549
40	567
29	540
31	511
26	474
37	457
27	441
49	427
14	425
45	398
9	393
632	431
637	404
671	346
675	333
588	584
595	545
592	521
621	486
599	484
612	457
656	792
676	788
640	774
661	755
628	749
631	740
674	733
653	728
671	718
627	712
659	698
654	662
731	672
596	840
605	890
619	860
627	842
623	770
594	789
589	760
591	718
603	663
645	633
655	617
619	617
561	1058
565	1087
569	1114
583	1071
593	1102
595	1053
618	1116
623	1084
646	1092
663	1126
674	1070
583	1198
579	1176
578	1155
577	1134
610	1199
650	1177
618	1154
656	1151
651	1262
636	1256
605	1251
656	1237
643	1209
666	909
653	894
666	867
647	861
657	827
636	1052
637	1029
656	1009
665	1041
609	998
655	978
614	956
668	937
608	926
630	924
573	1002
581	966
570	946
585	936
573	912
540	955
544	986
547	1009
552	1027
548	930
542	909
546	872
537	842
520	855
437	604
484	583
452	577
425	570
491	556
453	525
441	542
479	522
500	574
501	617
514	603
522	572
539	621
570	617
570	693
521	686
545	678
580	651
511	639
568	879
568	848
569	812
566	762
567	739
563	714
449	804
466	799
466	788
459	775
413	784
399	792
394	806
390	776
421	804
441	883
447	867
453	850
469	835
439	831
462	821
385	861
389	893
393	840
402	876
403	906
414	822
386	820
429	894
441	918
455	905
469	928
469	897
460	881
457	963
423	961
452	947
424	944
402	939
376	489
396	470
366	466
383	447
368	435
296	497
329	468
305	468
346	448
337	435
209	525
212	507
229	492
232	529
255	490
272	509
216	475
229	460
287	467
366	626
336	594
338	513
363	505
379	775
217	749
229	806
237	766
240	746
214	781
223	725
239	710
168	746
172	772
183	797
192	763
197	781
204	809
