1944	336
1952	375
1972	344
1981	376
2006	350
1895	392
1918	374
1903	359
1928	353
1904	337
1791	401
1836	377
1799	368
1804	335
1838	323
1786	316
1896	424
1911	456
1923	421
1935	451
1947	431
1965	409
1965	454
1991	436
1996	465
2009	486
2021	452
2043	464
1914	523
1977	517
1942	517
1914	494
1951	484
1928	474
2018	179
1998	151
2033	147
2005	117
2027	96
1930	234
1958	229
1943	197
1968	174
1944	152
1955	121
1797	292
1814	313
1897	270
1923	265
1933	312
1905	304
2004	317
2032	296
2027	273
2019	239
1995	211
2038	202
1951	264
1952	315
1968	285
1973	319
1976	250
1997	282
1951	295
1901	548
1918	574
1942	559
1960	535
1966	575
1981	546
1905	612
1971	607
1935	605
1892	605
1993	601
2001	580
2021	549
2029	590
2012	627
2000	662
1929	685
1967	675
1942	656
1979	642
1911	639
1956	625
1913	664
1960	703
1991	688
1748	401
1728	392
1764	380
1735	372
1723	348
1759	339
1739	313
1762	299
1713	296
1738	280
1717	271
1764	271
1678	320
1633	316
1680	301
1616	299
1649	286
1672	285
1702	375
1626	369
1643	367
1672	360
1603	350
1768	900
1716	884
1777	876
1747	867
1768	862
1717	854
1643	787
1681	786
1626	769
1659	758
1639	748
1736	841
1760	837
1710	832
1745	818
1729	800
1753	794
1753	944
1774	928
1703	916
1739	915
1705	943
1729	969
1766	968
1705	967
1705	769
1701	739
1719	737
1731	706
1709	695
1680	721
1646	720
1677	688
1668	667
1689	666
1661	864
1685	841
1658	840
1653	814
1690	809
1686	869
1680	889
1676	919
1679	934
1590	638
1604	660
1624	678
1627	649
1647	665
1658	529
1617	525
1672	500
1633	497
1652	541
1736	548
1696	539
1735	509
1704	504
1736	490
1711	477
1751	478
1739	460
1741	433
1766	430
1707	615
1688	593
1718	582
1698	569
1692	644
1734	667
1622	404
1632	426
1657	394
1657	427
1687	400
1514	463
1516	436
1526	404
1553	462
1555	437
1558	412
1580	464
1585	434
1592	467
1622	464
1610	437
1675	462
1759	600
1776	568
1779	545
1785	522
1783	496
1757	492
1745	600
1736	625
1761	625
1675	621
1616	616
1641	610
1667	595
1635	579
1666	561
1596	614
1665	647
1535	685
1544	646
1552	618
1569	666
1528	594
1589	591
1558	584
1593	563
1576	558
1549	555
1484	727
1510	717
1478	703
1507	701
1497	675
1471	674
1466	641
1507	626
1449	614
1483	614
1425	717
1396	706
1438	690
1404	671
1438	649
1516	1043
1500	1026
1528	1009
1522	992
1489	978
1514	949
1541	941
1493	932
1528	919
1492	903
1465	798
1510	787
1480	760
1519	743
1443	766
1396	759
1422	746
1395	732
1450	729
1417	778
1411	806
1540	808
1561	777
1543	758
1541	727
1547	716
1544	892
1462	888
1524	882
1537	880
1543	853
1422	893
1421	922
1433	960
1457	917
1458	950
1432	992
1452	1089
1480	1079
1407	1064
1436	1058
1471	1051
1415	1025
1445	1024
1467	580
1500	574
1506	599
1514	549
1422	834
1462	822
1463	856
1492	816
1503	873
1515	835
1431	867
1338	800
1366	770
1370	799
1382	834
1330	601
1339	624
1360	604
1380	635
1385	600
1417	606
1358	736
1323	725
1345	715
1326	682
1359	675
1322	655
1375	707
1371	696
1384	694
1314	571
1315	594
1353	568
1380	564
1387	579
1432	583
1268	641
1284	639
1287	617
1260	588
1283	586
1269	561
1287	726
1264	712
1281	701
1252	684
1292	678
1253	659
1263	814
1292	814
1309	793
1281	789
1241	770
1279	760
1222	749
1249	744
1301	751
1334	765
1364	881
1330	870
1358	856
1324	849
1348	825
1314	825
1401	858
1223	826
1244	818
1203	804
1228	803
1211	784
1253	933
1233	932
1244	902
1244	875
1236	852
1286	931
1306	906
1278	902
1269	873
1265	849
1300	874
1293	846
1312	929
1274	956
1245	554
1253	530
1247	507
1260	488
1220	471
1200	542
1203	571
1211	597
1211	523
1226	546
1208	645
1201	670
1193	703
1198	616
1138	524
1141	585
1156	571
1165	548
1178	587
1130	467
1153	500
1157	470
1180	503
1188	467
1208	492
991	587
1014	585
1040	570
1006	553
1021	536
1053	532
991	499
1007	499
1082	469
1105	511
1108	480
1398	533
1408	502
1484	497
1499	535
1488	529
1337	530
1343	502
1350	476
1365	543
1372	516
1390	469
1372	445
1336	435
1364	411
1340	408
1303	445
1273	401
1276	373
1300	378
1308	410
1323	378
1138	445
1152	438
1156	449
1172	444
1195	425
1211	451
1221	425
1232	440
1247	403
1268	456
1271	520
1282	500
1304	478
1311	508
1294	538
981	477
1032	474
1000	470
979	447
999	437
1026	432
1053	661
1055	635
1061	596
1080	647
1080	612
1090	613
1010	645
1017	613
1036	607
1037	666
848	648
856	674
878	650
895	623
904	682
906	654
838	657
830	670
932	692
952	674
937	657
960	655
927	630
958	630
900	747
919	737
926	724
915	707
914	773
936	349
904	341
928	325
939	294
968	335
953	358
970	357
883	397
844	391
861	372
859	338
828	330
841	310
1013	413
986	409
967	392
1008	385
984	374
899	372
912	400
917	427
942	390
948	424
959	553
919	549
985	537
947	526
912	516
973	515
932	499
968	491
912	481
946	477
925	455
967	451
978	606
916	601
954	601
934	577
967	573
899	572
827	486
840	460
847	492
858	465
881	500
815	729
866	725
839	723
894	712
869	697
828	691
841	626
860	621
840	602
847	705
879	596
852	572
844	551
884	538
862	533
842	521
883	449
805	446
852	437
877	422
833	420
801	412
861	804
823	797
843	783
862	764
815	757
837	745
888	808
888	789
819	920
754	906
846	905
788	898
766	877
826	872
751	941
730	924
811	1005
804	980
828	955
778	952
726	971
764	990
776	1007
725	735
726	772
742	800
753	739
755	771
639	763
677	744
690	782
691	817
698	800
687	857
568	689
577	656
587	675
591	716
608	705
593	742
561	763
585	785
524	656
552	651
563	618
553	611
531	786
511	770
497	749
526	747
489	697
495	724
509	704
523	682
527	720
553	714
493	922
526	913
498	892
470	885
489	867
471	857
528	888
331	782
332	747
357	771
374	782
355	799
346	817
310	826
302	799
301	716
305	696
349	671
374	714
401	663
402	627
252	777
255	742
276	719
280	743
301	760
303	732
280	774
188	647
197	680
215	650
251	688
262	671
286	674
278	693
187	720
214	738
223	705
244	753
248	717
209	951
131	934
217	923
161	917
184	915
159	831
234	828
197	817
214	800
164	796
226	778
161	888
216	882
183	858
217	845
236	891
252	860
254	917
272	885
243	950
136	1120
145	1082
147	1035
130	994
146	964
151	1181
141	1209
150	1236
155	551
166	595
179	541
189	561
191	608
214	595
219	622
189	766
154	765
211	757
144	730
106	604
118	548
120	576
131	608
100	623
139	690
154	661
162	686
165	625
118	652
103	692
157	710
97	773
118	764
63	759
102	752
67	744
117	736
19	613
76	612
31	595
25	569
45	567
36	657
87	657
67	651
73	634
24	633
47	625
83	725
50	724
32	716
62	704
40	694
68	679
32	828
97	822
60	808
111	783
53	830
32	847
60	784
57	1196
115	1192
85	1191
128	1167
65	1151
94	1147
20	994
55	985
14	970
30	949
34	926
49	916
119	1023
97	1007
94	974
117	971
74	966
117	945
72	1082
119	1070
82	1062
104	1044
70	1042
122	1125
98	1117
76	1108
126	1095
46	1102
42	1059
21	1034
45	1025
23	1100
45	1130
45	1170
36	1211
59	1249
84	1238
58	1230
95	1219
73	1269
125	1243
125	1272
93	1285
13	409
44	402
22	391
44	379
82	424
60	421
88	400
65	393
78	370
56	359
5	480
46	477
23	473
23	439
133	455
132	485
151	474
168	455
177	425
4	525
6	504
22	493
26	528
45	500
65	514
116	533
141	530
125	511
151	505
97	484
74	548
56	531
83	459
62	455
