1793	940
1793	923
1832	920
1779	897
1798	891
1824	882
1846	947
1868	933
1768	875
1857	854
1794	851
1824	840
1849	822
1803	814
1874	808
1841	804
1852	785
1759	771
1751	647
1861	595
1818	585
1829	556
1842	483
1868	470
1734	155
1747	119
1749	81
1777	141
1782	104
1794	75
1818	75
1832	105
1803	111
1745	754
1780	751
1774	722
1725	721
1755	688
1779	677
2043	471
2003	456
2027	455
2009	437
2039	429
2030	404
1974	520
2001	518
2027	517
1987	491
2025	489
1962	471
1927	514
1948	585
2024	579
1974	562
1999	554
2032	547
1948	542
1919	597
1884	579
1915	572
1913	535
1853	889
1943	877
1912	873
1880	873
1940	848
1899	831
1942	813
1914	803
1889	789
1992	666
2028	652
2007	640
1997	617
2032	616
1997	592
1926	686
1901	683
1930	660
1902	629
1932	628
1916	626
1944	774
1914	761
1882	751
1944	744
1910	725
1938	709
1956	667
1965	632
1966	683
1973	608
1978	716
1980	763
1971	804
1967	847
1957	909
2007	738
2010	701
2016	681
2038	681
2009	779
2002	815
1889	952
1919	950
1899	935
1929	930
1886	909
1929	904
1671	65
1688	28
1695	99
1707	64
1708	134
1672	777
1699	750
1673	731
1653	701
1695	694
1606	665
1641	663
1656	634
1676	662
1709	631
1716	663
1596	707
1623	688
1628	727
1631	764
1609	55
1456	892
1481	894
1495	861
1536	902
1544	859
1565	846
1435	902
1408	774
1420	791
1426	762
1438	773
1458	772
1418	875
1442	865
1387	862
1416	834
1522	828
1462	827
1487	812
1538	807
1519	797
1468	791
1381	821
1559	1061
1532	1055
1583	1053
1492	1050
1536	952
1576	948
1507	924
1569	914
1451	922
1443	953
1417	955
1446	981
1480	985
1480	940
1502	962
1369	898
1387	940
1390	995
1395	964
1411	928
1411	904
1566	1024
1541	1019
1510	1010
1512	988
1567	986
1541	982
1576	1142
1555	1132
1520	1129
1563	1099
1582	1098
1529	1088
1525	1150
1540	1164
1442	1022
1457	1056
1459	1084
1463	1036
1489	1095
1491	1071
1482	1128
1485	1155
801	961
768	953
718	952
818	950
708	1004
675	978
698	973
687	937
707	917
678	905
801	1022
749	1011
804	992
777	991
742	976
693	1086
693	1060
681	1033
678	1008
685	1111
716	1108
708	1140
765	1075
773	1040
786	1087
791	1057
796	1070
805	1112
775	1136
791	1152
723	1032
725	1075
741	1128
752	1104
750	1159
720	1166
961	932
981	971
994	927
1006	952
986	998
961	997
974	953
892	977
899	920
904	955
926	927
939	985
941	956
991	898
923	888
956	885
992	866
923	856
957	842
944	909
871	883
807	883
769	871
795	852
779	833
763	812
794	812
831	888
794	924
749	916
660	872
686	853
706	881
734	892
741	852
658	802
667	831
697	792
703	827
732	814
623	612
654	602
610	578
625	573
695	657
634	654
660	642
644	621
685	617
721	604
729	631
761	627
753	659
656	709
678	702
646	683
668	673
771	727
748	719
762	696
725	686
776	672
672	767
646	762
699	754
658	733
631	731
696	729
733	784
773	779
740	752
791	752
542	679
551	645
588	649
594	678
571	697
580	719
612	702
600	714
512	625
562	619
532	610
512	602
551	591
553	565
533	635
502	767
510	726
521	745
537	763
543	715
548	749
476	700
505	683
473	669
518	657
487	653
454	706
451	686
469	726
470	751
490	740
446	727
284	669
279	640
305	639
321	603
296	597
327	575
278	506
286	549
291	525
304	569
251	528
264	587
267	552
268	611
253	654
269	691
207	606
212	578
225	641
232	595
236	564
241	624
241	684
205	694
32	788
42	728
47	752
62	777
66	726
186	816
164	799
188	787
180	765
75	801
90	762
109	806
134	793
141	763
77	827
154	839
159	869
160	896
189	891
190	853
53	888
69	852
103	848
117	869
130	901
84	878
52	923
78	927
98	937
107	732
122	687
133	732
138	707
152	676
161	710
174	736
184	671
191	701
122	652
55	641
87	632
159	632
122	622
91	607
178	634
172	613
15	440
17	524
22	502
25	470
43	533
47	439
12	572
18	602
27	557
58	607
76	554
83	583
95	706
54	702
69	679
21	663
10	694
