1468	157
1458	142
1456	128
1465	115
1481	183
1482	130
1490	150
1504	130
1506	180
1410	204
1431	192
1418	182
1429	164
1523	155
1524	207
1525	228
1537	181
1497	241
1482	226
1509	207
1462	204
1458	253
1403	242
1432	241
1451	224
1416	221
1443	210
1543	254
1576	249
1552	232
1578	227
1544	209
1571	204
1537	309
1540	282
1566	299
1567	269
1483	313
1517	310
1466	291
1505	291
1484	267
1515	267
1458	318
1406	317
1439	298
1411	289
1398	272
1411	261
1447	352
1451	409
1453	379
1472	337
1474	364
1390	337
1391	353
1402	375
1413	348
1433	366
1427	398
1401	407
1431	426
1689	536
1673	530
1660	524
1644	512
1572	577
1628	566
1568	550
1587	538
1623	537
1607	519
1517	591
1686	586
1655	582
1669	556
1690	556
1650	550
1634	598
1641	612
1659	623
1663	604
1687	613
1698	593
1703	566
1714	552
1723	588
1738	572
1712	621
1732	612
1684	637
1709	641
1661	667
1689	665
1656	647
1642	631
2011	730
2044	714
2024	713
2022	699
2040	695
2039	679
2038	802
2033	777
2042	749
2045	735
2026	793
2042	827
2042	850
2044	882
1992	873
2015	871
2012	853
1982	848
1989	837
1904	871
1926	864
1945	876
1953	842
1968	865
1948	856
1899	844
2014	937
1993	935
1962	926
2000	906
1976	901
2028	899
1907	948
1921	919
1930	939
1945	907
1945	929
1925	894
1908	890
2000	985
1976	983
2017	977
1988	961
1965	952
1936	1006
1948	988
1918	988
1940	966
1977	1067
1984	1045
1969	1030
1996	1013
1965	1003
1929	1107
1924	1079
1947	1052
1919	1051
1933	1028
1827	883
1843	868
1820	862
1838	851
1815	843
1875	900
1887	898
1846	897
1872	880
1857	876
1810	915
1783	897
1811	897
1803	879
1783	874
1796	852
1884	969
1866	963
1886	944
1867	939
1873	921
1591	640
1605	592
1618	614
1623	634
1543	604
1556	594
1559	621
1569	641
1575	620
1581	600
1540	631
1529	617
1512	634
1592	697
1622	687
1598	679
1606	660
1633	655
1549	675
1555	655
1564	688
1571	676
1579	671
1582	714
1565	736
1538	727
1613	739
1593	733
1653	731
1636	719
1606	717
1771	747
1797	745
1817	738
1795	718
1821	716
1768	713
1768	764
1788	761
1772	782
1864	779
1791	777
1821	756
1851	753
1778	769
1783	829
1793	813
1791	801
1813	796
1858	836
1848	824
1824	822
1869	813
1726	740
1733	707
1734	762
1745	734
1749	713
1750	756
1755	787
1734	784
1746	803
1765	693
1715	692
1740	691
1724	681
1709	676
1684	789
1666	782
1684	765
1702	749
1681	732
1711	768
1719	800
1699	785
1649	692
1676	709
1679	679
1697	691
1669	837
1706	830
1640	825
1680	815
1701	812
1687	855
1506	871
1509	847
1524	832
1496	828
1536	816
1510	815
1527	801
1541	785
1560	840
1554	955
1498	942
1521	933
1562	932
1510	917
1528	912
1556	767
1523	766
1508	748
1526	748
1515	721
1555	711
1525	698
1541	696
1483	695
1508	682
1479	673
1504	660
1530	659
1468	794
1476	762
1479	782
1486	765
1489	746
1486	876
1459	874
1481	902
1579	924
1600	921
1569	899
1578	899
1600	897
1669	887
1645	871
1670	861
1650	846
1587	875
1609	869
1624	858
1592	848
1612	841
1573	862
1577	787
1606	780
1593	766
1578	764
1616	763
1654	807
1637	779
1668	761
1641	753
1587	822
1608	822
1625	803
1598	799
1595	992
1567	981
1600	972
1577	953
1601	946
1621	986
1627	962
1652	941
1628	918
1648	918
1669	908
1648	897
1625	890
1662	925
1627	935
1869	1049
1869	1023
1871	995
1879	1068
1889	997
1901	1081
1896	1047
1910	1023
1857	982
1835	974
1842	957
1815	950
1827	929
1851	924
1827	1045
1812	1010
1842	992
1819	984
1849	1034
1847	1057
1799	1001
1801	964
1784	953
1787	924
1794	1018
1807	1033
1792	1047
1805	1061
850	1031
803	1030
848	1017
829	1015
830	994
809	1021
821	1022
808	1008
949	1083
935	1078
915	1073
938	1059
911	1056
927	1049
939	1123
934	1106
910	1098
954	1098
883	971
854	964
889	950
851	944
874	931
817	982
825	969
817	949
831	949
833	931
845	924
909	966
913	937
930	952
937	923
920	1012
919	995
923	1030
933	1033
849	1065
818	1060
839	1057
816	1042
836	1038
904	1038
870	1026
895	1020
868	1005
899	992
860	986
864	1048
865	1076
882	1045
890	1067
894	1087
850	854
803	848
829	836
798	828
813	811
838	811
868	858
877	829
864	825
873	802
828	911
814	905
839	891
821	886
808	874
827	861
889	913
864	908
911	905
884	885
905	883
804	622
783	621
767	619
800	601
777	597
795	579
786	658
804	656
806	673
816	653
831	650
843	669
754	682
763	654
769	639
771	673
783	725
768	718
803	716
789	703
770	700
794	687
808	790
786	787
791	774
795	756
797	738
819	706
820	728
841	690
847	716
843	738
820	750
842	758
816	771
844	794
727	836
695	834
730	816
708	804
733	790
749	804
753	827
751	771
764	768
746	869
714	865
694	863
759	853
740	847
678	842
654	749
626	744
646	736
659	727
710	752
742	749
761	743
733	723
719	718
628	789
661	786
638	779
645	771
625	764
692	783
692	767
632	856
635	830
635	814
641	801
649	850
661	824
662	852
671	657
673	706
673	684
681	627
669	727
672	756
681	815
677	871
679	797
748	903
722	898
706	882
762	882
716	654
716	676
717	632
741	664
741	640
735	701
714	698
687	641
688	610
696	672
697	651
708	604
699	696
693	728
661	635
641	634
665	610
659	590
660	571
658	675
618	706
640	706
628	685
639	662
628	648
322	1071
335	1083
341	1100
341	1060
360	1085
364	1067
372	1045
353	1037
387	1035
378	1018
352	1011
388	996
349	992
373	991
356	974
393	973
330	979
308	971
326	956
337	935
318	930
368	951
353	950
390	950
366	926
389	920
265	958
286	954
257	938
235	927
272	915
300	932
231	999
253	1016
283	976
314	1046
299	1021
322	1014
299	1004
318	991
296	1058
283	1039
286	1108
299	1088
306	1118
317	1105
271	1063
260	1084
341	829
313	827
333	819
304	808
362	842
399	837
355	816
381	811
352	794
263	847
279	878
282	826
289	852
329	901
310	894
322	877
345	873
311	864
328	847
213	872
218	902
229	882
232	857
243	898
250	872
386	903
405	902
356	900
376	882
399	876
380	861
140	845
154	871
173	852
191	885
196	848
110	895
114	911
121	936
127	890
127	913
142	971
127	966
114	959
132	956
100	945
140	938
213	976
105	866
48	856
80	849
51	837
101	837
77	828
43	920
48	886
63	917
78	949
80	876
78	900
16	924
18	899
6	871
24	859
10	842
29	832
262	762
237	755
303	749
290	749
241	738
260	735
251	724
296	732
306	731
309	715
293	709
291	688
296	784
306	781
316	774
291	769
301	766
5	762
61	762
25	751
50	743
102	731
117	767
140	770
23	782
32	809
44	794
70	775
76	807
133	812
171	805
153	793
121	788
210	804
248	808
262	789
165	737
168	770
181	720
183	737
196	759
199	782
190	826
163	827
215	722
218	743
220	777
222	830
71	591
72	620
82	558
98	610
100	578
7	573
12	602
24	571
39	594
58	568
36	661
58	651
8	648
40	638
7	622
46	615
23	727
40	698
5	692
18	682
177	1033
166	1026
179	1001
171	985
163	967
171	949
153	954
173	972
175	962
50	1015
18	1011
28	991
55	982
13	957
45	955
4	988
69	994
80	1014
82	976
100	1006
101	975
107	1023
127	1031
135	1013
134	998
147	995
112	993
126	982
140	1057
140	1044
159	1044
173	1043
29	1037
31	1075
38	1053
49	1076
61	1043
64	1062
12	1063
4	1087
80	1075
94	1045
101	1061
110	1040
79	1088
