2044	1025
2027	1020
2044	1003
2016	999
2035	997
1998	1075
2004	1055
1990	1037
2009	1031
1993	1016
2028	1100
2043	1078
2027	1077
2033	1047
2034	1163
2014	1155
2032	1129
2015	1121
1952	1058
1967	1031
1973	1052
1974	1093
1969	1119
1953	1156
1964	1168
2000	1193
1977	1183
1999	1163
1971	1146
1998	1132
2026	1314
2008	1311
2036	1297
2016	1295
2026	1269
2044	1268
2018	1256
2036	1254
2044	1246
2035	1238
2022	1238
2043	1221
2028	1211
2041	1196
2027	1189
1977	1259
2002	1247
1991	1237
1972	1235
1997	1215
1980	1208
2036	1361
2014	1353
2027	1341
2041	1329
2008	1328
2045	1352
1971	1330
1968	1304
1959	1279
1991	1275
1967	1352
2024	918
2002	917
1979	915
2020	907
2008	893
1902	907
1910	887
1920	925
1922	901
1978	973
1985	950
1980	934
1961	927
1935	969
1935	953
1933	939
1945	982
2000	984
1997	970
2025	962
2042	960
2012	942
2039	935
1906	854
1887	847
1943	846
1956	830
1969	816
1939	813
1733	847
1738	858
1744	839
1761	834
2022	868
2007	863
1984	841
2013	835
1991	815
1695	850
1697	869
1702	837
1714	845
1725	866
1972	893
1989	893
1961	890
1981	875
1953	871
1969	859
1916	1316
1886	1312
1936	1309
1914	1291
1888	1285
1943	1262
1914	1260
1893	1246
1943	1240
1905	1223
1935	1215
1920	1108
1930	1100
1917	1094
1944	1082
1931	1078
1907	1074
1924	1059
1920	1049
1937	1043
1896	1149
1923	1148
1941	1123
1914	1122
1909	1207
1893	1195
1920	1195
1906	1177
1927	1173
1912	1362
1948	1352
1931	1348
1948	1334
1907	1334
1889	1360
1885	1339
1876	1341
1676	857
1683	813
1689	831
1690	803
1629	808
1640	798
1644	787
1649	818
1657	783
1663	796
1627	844
1657	847
1631	829
1642	771
1627	769
1603	767
1598	757
1634	756
1609	750
1578	788
1579	801
1591	782
1593	811
1599	793
1607	820
1582	833
1572	832
1602	842
1561	837
1557	828
1541	817
1562	809
1551	805
1571	871
1545	869
1551	853
1572	852
1537	850
1598	867
1620	869
1724	1038
1707	1036
1734	1024
1710	1020
1725	1008
1705	993
1726	991
1721	1080
1701	1070
1721	1055
1705	1052
1741	1050
1744	1075
1727	1063
1662	984
1664	1000
1664	1025
1677	1008
1684	993
1685	1030
1669	1043
1633	1034
1641	1047
1642	1018
1644	996
1647	1036
1652	986
1631	977
1639	967
1588	1057
1595	1100
1595	1078
1601	1050
1593	1033
1582	1029
1591	1015
1578	1008
1587	1000
1587	979
1532	990
1544	976
1552	990
1568	982
1569	998
1501	997
1501	1010
1506	965
1520	979
1522	966
1484	1058
1491	1039
1460	1017
1489	1016
1479	1081
1464	1100
1466	997
1492	993
1481	979
1472	970
1457	965
1489	961
1447	1035
1440	1019
1443	996
1440	975
1456	1065
1442	1059
1420	1088
1642	928
1659	924
1638	916
1650	911
1671	905
1660	892
1693	893
1713	883
1716	913
1726	905
1730	888
1704	918
1715	940
1732	921
1668	971
1667	957
1648	956
1667	942
1688	948
1690	963
1729	972
1703	976
1716	965
1555	952
1561	927
1579	944
1637	943
1565	907
1584	893
1588	922
1614	895
1609	915
1610	935
1593	964
1567	965
1532	908
1541	911
1546	882
1547	918
1554	881
1564	887
1500	950
1507	934
1520	946
1532	929
1469	948
1461	936
1487	928
1464	919
1484	911
1427	953
1445	948
1401	937
1444	928
1405	919
1442	910
1226	1056
1237	1059
1250	1053
1257	1071
1239	1106
1254	1091
1271	1095
1267	1128
1247	1128
1206	1099
1208	1080
1212	1060
1220	1042
1220	1026
1225	1081
1201	1120
1220	1128
1198	1016
1172	1009
1200	994
1186	994
1174	984
1162	1063
1164	1039
1181	1062
1189	1036
1190	1085
1146	952
1151	938
1188	951
1204	958
1233	705
1197	694
1214	689
1230	689
1204	673
1204	754
1221	754
1200	735
1231	726
1186	716
1212	714
999	856
1017	856
1015	831
1039	809
1055	807
1153	894
1168	882
1219	785
1208	768
1157	906
1172	858
1173	840
1164	823
1110	999
1125	1017
1130	991
1145	1011
1153	1028
1153	987
1063	1011
1067	993
1081	1019
1083	999
1092	983
1096	1020
1019	925
1030	913
1056	905
1029	892
1054	888
1039	872
1019	948
1067	978
1110	963
1116	938
1116	979
1137	974
973	925
976	882
985	904
994	880
997	927
1006	903
984	946
997	959
938	947
944	902
947	922
961	902
955	942
961	962
714	834
699	830
730	820
709	814
719	806
835	873
853	871
847	851
859	842
834	829
822	852
813	830
799	829
792	817
751	867
767	877
767	848
789	865
803	847
777	834
759	835
744	843
747	818
731	886
707	883
729	869
732	849
816	895
792	893
840	890
802	886
811	875
718	927
731	915
708	910
721	894
746	894
780	719
782	697
786	684
799	707
800	691
814	712
786	748
746	745
763	741
806	736
742	734
796	729
1020	732
1037	736
736	769
739	796
757	800
758	767
777	783
719	707
731	706
739	681
762	712
764	692
692	770
701	758
712	741
719	781
742	1020
757	1011
745	1007
754	1001
731	999
811	938
819	953
826	924
836	945
843	924
804	919
781	917
762	907
790	992
764	990
744	988
777	973
744	971
814	986
813	974
835	960
794	966
811	1095
836	1090
813	1079
826	1073
837	1067
821	1107
687	954
701	954
726	956
734	939
762	956
790	940
765	937
747	948
750	929
684	978
702	979
708	991
709	964
717	1011
721	974
650	940
654	973
671	942
674	988
633	910
639	881
654	918
675	901
689	918
684	881
660	874
617	866
663	856
644	856
602	852
624	850
694	870
709	859
692	852
597	916
609	918
609	890
613	931
628	936
573	884
553	866
581	866
555	843
581	840
596	876
594	896
558	745
599	739
618	735
581	728
604	723
610	792
589	781
617	763
585	755
562	822
581	812
560	805
575	796
565	771
526	687
536	696
539	661
545	733
548	717
545	755
527	769
543	785
544	824
633	831
607	825
628	820
619	807
573	642
549	641
593	637
560	622
586	612
583	593
495	655
485	645
487	628
503	627
498	602
609	599
612	619
639	634
639	614
642	604
663	631
617	651
647	656
671	653
571	715
562	702
587	693
574	679
558	667
591	666
604	678
610	704
629	675
632	690
654	674
591	712
629	704
619	718
493	737
478	728
484	706
498	694
486	685
497	673
517	475
470	472
495	468
480	458
510	457
478	523
503	520
478	499
518	499
501	492
465	570
444	564
469	552
440	545
459	535
450	516
428	584
406	578
416	560
417	541
428	525
407	520
509	585
494	584
507	566
492	563
511	546
488	543
462	632
463	612
471	594
451	590
421	637
418	617
435	615
421	603
472	750
459	733
447	712
465	695
462	680
458	661
440	725
431	704
441	690
431	673
433	660
438	642
188	1026
225	1016
206	1003
223	999
196	987
138	1045
151	1032
133	1018
153	1016
220	1074
208	1072
193	1072
205	1060
223	1053
205	1036
131	1091
141	1083
134	1063
159	1063
209	1106
194	1100
207	1092
221	1089
142	1148
129	1138
159	1137
151	1118
132	1109
162	1106
173	1029
177	1008
180	1045
181	991
170	1082
182	1119
171	1171
167	1205
182	1227
137	1202
135	1185
154	1180
131	1164
146	1215
158	1233
191	1184
212	1181
201	1157
186	1145
209	1134
196	1123
212	1205
192	1203
189	1240
