1766	683
1728	682
1742	676
1750	659
1731	639
1803	641
1806	659
1822	665
1832	671
1828	691
1817	683
1805	743
1813	767
1716	568
1741	566
1794	565
1773	549
1716	546
1732	546
1758	547
1694	501
1727	605
1734	621
1757	607
1771	578
1789	624
1803	601
1669	642
1697	640
1647	635
1640	621
1681	620
1651	609
1761	763
1745	744
1766	740
1749	719
1777	718
1793	763
1781	773
1763	788
1735	874
1764	870
1711	868
1691	861
1782	854
1725	853
1710	852
1726	931
1690	911
1707	906
1711	889
1746	912
1757	894
1771	894
1703	685
1685	670
1657	667
1717	660
1683	744
1721	734
1669	728
1691	721
1722	707
1693	706
1790	699
1673	794
1718	790
1716	774
1706	760
1740	767
1787	789
1733	791
1625	805
1635	752
1642	774
1649	801
1650	707
1657	727
1639	732
1632	662
1643	681
1686	835
1707	834
1662	826
1693	807
1751	808
1776	817
1794	811
1729	831
1750	841
1638	837
1641	864
1666	867
1666	848
1450	558
1451	540
1459	523
1466	573
1477	553
1491	561
1495	537
1503	578
1516	543
1529	560
1493	625
1459	622
1476	616
1456	601
1480	592
1456	585
1555	667
1533	660
1518	638
1550	625
1557	643
1543	605
1531	589
1505	606
1551	574
1487	687
1468	673
1471	655
1458	652
1534	739
1515	730
1540	711
1513	703
1535	694
1513	682
1494	816
1509	795
1493	780
1519	768
1495	757
1462	753
1473	736
1454	726
1490	713
1464	709
1455	688
1463	832
1472	818
1453	801
1475	798
1456	782
1145	855
1134	831
1137	799
1130	786
1219	865
1224	850
1230	883
1239	866
1260	881
1319	880
1067	891
1112	889
1090	887
1067	873
1083	869
1103	866
1078	852
1137	883
1166	874
1193	885
1191	866
1175	853
1204	846
1158	830
1185	826
1182	892
1182	1016
1210	1014
1193	995
1223	988
1160	977
1184	974
1225	910
1225	940
1242	920
1266	934
1243	901
1298	922
1315	901
1205	957
1169	951
1190	935
1177	913
1199	906
1152	903
1078	967
1103	965
1088	946
1061	931
1073	909
1105	910
1107	936
1087	909
1091	920
1125	1009
1140	993
1135	962
1140	940
1129	917
1182	1091
1196	1067
1169	1064
1182	1043
1207	1037
1203	1085
1152	1101
1137	1077
1136	1060
1130	1031
1156	1025
1046	811
1062	811
1093	830
1109	840
1111	812
996	734
1017	736
1022	771
1041	712
1045	756
1048	779
1041	730
1053	724
1055	743
972	798
990	815
1000	791
1011	834
1025	828
1027	800
822	783
977	750
978	773
995	756
835	775
824	762
814	758
824	748
840	746
819	736
828	719
813	714
844	695
830	688
811	687
787	771
788	753
781	752
777	738
789	736
761	727
782	708
761	704
750	690
769	685
789	679
836	666
817	655
727	652
820	638
756	668
812	916
823	902
803	900
808	883
827	877
746	930
725	926
752	915
731	912
732	881
752	862
753	1006
744	976
744	958
730	944
752	941
809	849
836	848
843	823
819	811
841	800
802	862
835	864
768	981
791	973
769	841
769	822
781	805
778	933
780	896
784	871
816	1005
796	995
821	985
812	968
825	957
798	948
817	1087
829	1059
807	1036
829	1024
789	1087
763	1078
781	1065
755	1033
773	1032
772	1011
667	942
630	932
657	932
668	916
630	914
654	910
687	897
644	895
667	878
687	877
636	863
672	853
710	892
604	804
629	794
605	788
647	770
621	766
663	811
669	758
674	779
678	801
686	791
689	768
648	841
700	835
681	827
627	827
637	985
621	976
665	962
644	961
599	824
608	853
608	902
610	890
614	873
606	932
615	954
655	683
661	656
667	712
682	698
691	671
693	647
683	743
611	743
638	741
625	718
610	708
677	727
611	673
630	667
604	649
632	636
612	632
624	608
589	753
593	714
576	701
590	680
572	678
583	738
593	783
588	657
579	642
569	634
591	622
575	605
636	544
681	444
689	461
706	482
586	577
568	573
581	555
595	544
638	580
653	577
640	561
610	558
628	556
643	554
710	631
683	620
661	616
699	602
659	595
662	571
561	35
539	20
560	10
519	7
554	126
525	118
527	106
504	96
554	86
508	70
708	229
729	225
708	213
722	201
734	196
674	412
688	392
674	389
673	354
686	312
668	307
469	429
448	427
456	404
468	401
476	381
454	378
422	461
403	456
415	434
434	403
404	391
426	381
383	362
422	349
438	349
384	345
411	331
333	426
341	397
376	384
384	417
391	440
371	441
316	439
363	1167
375	1141
355	1132
401	1131
315	1191
340	1182
301	1158
329	1150
304	1148
312	1128
374	1238
395	1222
375	1212
398	1197
345	1356
375	1321
354	1295
381	1279
357	1269
348	1255
368	1361
373	1352
310	1361
338	1326
306	1281
309	1259
290	1354
447	577
441	547
454	535
441	518
455	514
420	539
396	528
417	514
392	507
417	482
393	480
440	495
455	494
443	477
448	457
476	454
461	652
441	646
447	631
441	610
457	600
459	684
412	594
393	584
417	566
392	559
399	607
418	629
371	1076
303	1060
348	1059
324	1053
309	1017
213	1113
234	1110
254	1092
278	1053
291	1081
298	1113
7	734
8	757
18	773
51	752
82	828
73	804
63	789
74	774
63	771
71	756
13	928
44	920
47	898
66	841
69	881
70	860
210	932
226	925
234	899
256	910
263	887
271	900
263	949
