1335	388
1303	379
1350	376
1334	366
1307	356
1310	400
1312	421
1330	422
1345	405
1424	442
1363	433
1378	413
1420	408
1375	504
1388	493
1410	484
1383	457
1290	464
1308	493
1329	469
1342	508
1350	485
1350	463
1439	463
1442	496
1467	451
1471	483
1463	526
1492	502
1444	552
1416	564
1398	556
1427	546
1426	529
1399	524
1422	522
1269	543
1292	555
1310	529
1317	587
1368	633
1339	615
1370	598
1361	574
1331	551
1373	538
1410	674
1394	656
1396	621
1395	589
1393	688
1309	650
1316	681
1343	657
1356	688
1378	671
1236	696
1282	691
1221	676
1246	675
1266	675
1277	656
1244	657
1377	829
1407	817
1424	810
1389	785
1411	776
1294	804
1356	803
1314	800
1332	788
1288	779
1361	771
1382	759
1381	736
1371	710
1390	883
1422	874
1414	857
1362	855
1388	848
1403	898
1337	871
1307	852
1333	840
1304	826
1342	823
1358	894
1205	732
1208	701
1220	748
1223	723
1245	754
1258	724
1261	754
1283	744
1304	716
1316	743
1321	764
1336	716
1350	749
1221	778
1236	776
1244	798
1252	818
1262	783
1274	812
1281	838
1226	586
1199	573
1230	571
1241	557
1219	553
1265	570
1250	581
1288	587
1252	637
1233	627
1215	625
1267	615
1243	612
1265	591
1300	616
1190	502
1152	501
1208	499
1182	484
1153	482
1194	459
1161	455
1137	445
1178	435
1122	425
1151	421
1265	440
1225	436
1253	416
1219	415
1278	411
1275	380
1273	509
1238	502
1252	467
1214	464
1242	532
1211	528
1229	392
1244	374
1221	369
1253	344
1220	338
1213	307
1155	534
1166	510
1167	570
1186	519
1188	550
1196	410
1124	400
1184	383
1154	368
1173	343
1109	389
1136	351
1122	365
986	690
1011	689
1013	650
1032	664
1043	689
1052	671
976	666
959	678
935	690
1047	764
1031	758
1008	743
1061	738
1040	730
1072	701
938	719
947	727
980	712
1001	718
963	758
960	780
983	785
1000	830
1014	772
1025	781
1032	808
994	1085
914	1081
940	1075
968	1073
976	844
959	837
952	815
974	810
950	796
960	902
996	891
978	875
951	872
991	851
922	814
923	794
930	850
933	832
937	891
943	922
941	951
997	957
1008	942
969	940
985	930
998	916
976	912
991	1060
1000	1043
983	1035
965	1021
964	975
954	1166
983	1152
956	1142
971	1127
996	1125
991	1106
920	1167
921	1136
801	890
773	867
802	857
782	847
887	904
909	902
865	896
833	882
892	874
915	930
914	952
840	988
848	965
852	924
876	943
889	981
784	966
785	918
791	946
810	967
814	991
817	920
909	1053
950	1051
931	1024
903	1022
911	997
891	1130
929	1108
905	1108
957	1106
894	1082
895	1157
904	1186
903	1201
925	1186
934	596
906	594
866	579
892	549
925	534
867	533
865	663
899	647
918	622
870	615
887	696
907	710
874	733
895	738
898	759
847	636
787	634
805	619
780	606
824	604
773	656
792	675
800	653
834	674
767	572
829	571
788	553
846	550
811	546
769	544
762	698
785	714
819	707
857	703
783	788
807	770
781	749
823	735
864	804
838	798
876	775
842	763
903	794
757	830
775	823
805	816
759	795
875	861
851	855
905	844
843	827
886	825
901	493
901	450
916	463
936	490
949	513
830	493
844	453
874	443
876	498
883	462
832	520
792	519
766	507
804	480
774	479
746	476
722	457
735	425
767	437
789	419
808	439
829	425
659	1030
644	1016
700	1013
671	1006
711	985
721	1040
736	1002
740	970
743	1036
756	1005
751	975
701	1107
720	1084
735	1064
738	1098
722	1122
639	1059
658	1068
671	1091
678	1112
689	1054
692	1080
675	846
704	841
686	821
705	811
679	797
594	797
594	771
596	819
612	778
608	840
620	861
641	866
651	841
634	836
658	818
630	812
647	790
670	926
683	916
675	908
672	892
694	881
633	928
652	911
626	900
646	894
647	941
721	949
744	926
737	893
742	873
716	783
731	754
738	700
726	669
727	652
741	633
726	614
725	593
742	512
735	730
668	674
670	635
689	677
690	647
704	694
704	617
696	719
711	741
674	768
598	695
633	693
620	678
643	668
634	657
643	749
611	748
588	722
614	722
236	895
240	864
257	916
267	901
272	881
273	849
235	750
238	710
254	746
254	728
285	733
207	872
215	904
216	850
219	828
204	787
226	770
199	764
217	739
198	652
208	628
215	653
225	633
232	658
249	678
125	894
138	856
133	810
134	780
175	811
188	832
191	860
87	1150
82	1126
107	1125
64	1101
89	1094
112	1077
129	1107
68	1071
88	1061
46	1056
65	1041
28	895
28	970
40	939
51	888
70	976
75	918
32	1026
62	1016
89	1014
42	1001
10	1000
