1862	900
1870	938
1884	965
1893	920
1897	898
1903	956
1906	991
1891	985
1819	902
1820	882
1826	848
1840	858
1777	942
1788	923
1790	871
1791	898
1796	831
1836	822
1813	807
1774	797
1826	786
1733	999
1747	967
1758	988
1788	963
1741	906
1760	901
1751	876
1718	841
1747	830
1730	799
1942	769
1907	749
1936	722
1902	718
1941	702
1908	697
1952	748
1963	713
1972	804
1983	753
1974	778
1951	826
1959	867
1898	873
1881	851
1880	823
1930	799
1877	873
1856	875
1741	610
1755	594
1734	581
1712	562
1751	562
1707	658
1683	652
1684	634
1704	630
1706	603
1685	587
1744	682
1775	679
1741	661
1763	639
1720	702
1806	696
1809	730
1824	696
1830	729
1796	776
1749	770
1779	759
1816	751
1764	737
1864	783
1709	777
1683	757
1687	699
1707	685
1684	781
1660	796
1700	807
1711	1019
1663	1010
1691	987
1711	971
1673	966
1713	1142
1715	1063
1733	1045
1650	1040
1694	1035
1683	1149
1638	1133
1726	963
1645	951
1725	940
1665	939
1721	906
1635	912
1656	886
1671	921
1702	921
1706	888
1612	931
1613	880
1616	904
1626	981
1626	954
1630	1033
1633	1005
1639	869
1678	866
1698	862
1609	849
1689	831
1634	817
1521	713
1545	724
1627	708
1673	711
1627	736
1658	736
1584	775
1579	740
1631	618
1640	581
1655	602
1660	577
1661	629
1655	695
1634	677
1654	762
1629	771
1505	603
1513	632
1589	566
1610	582
1441	630
1443	569
1457	601
1471	627
1480	591
1485	613
1513	687
1482	677
1412	664
1459	661
1520	659
1491	651
1390	720
1427	707
1450	731
1474	706
1495	703
1506	734
1424	894
1452	883
1482	887
1499	891
1342	878
1361	905
1368	881
1388	894
1392	870
1419	868
1412	929
1418	954
1434	928
1441	967
1451	935
1477	914
1461	957
1338	948
1341	925
1357	938
1358	968
1377	928
1380	952
1390	1039
1353	1038
1348	1013
1397	1010
1369	996
1343	986
1418	1029
1409	984
1440	991
1380	1075
1430	1064
1416	1063
1370	1057
1349	639
1369	609
1374	638
1413	592
1420	574
1273	633
1287	671
1303	624
1304	651
1311	674
1323	641
1288	731
1255	726
1292	701
1262	691
1257	650
1262	616
1222	709
1208	681
1229	676
1212	649
1235	634
1390	757
1397	780
1416	767
1427	791
1444	768
1487	753
1452	800
1317	749
1318	782
1352	760
1355	794
1370	743
1253	802
1270	755
1276	782
1303	801
1229	800
1208	772
1243	768
1199	740
1223	739
1201	797
1213	818
1238	831
1398	830
1426	844
1427	818
1447	827
1443	855
1478	838
1480	858
1465	808
1329	853
1331	812
1340	837
1360	821
1368	852
1384	805
1638	556
1649	526
1660	555
1669	537
1686	558
1686	530
1720	531
1748	544
1580	529
1605	510
1617	551
1626	519
1395	451
1428	450
1403	420
1426	416
1394	395
1309	435
1340	416
1373	400
1362	386
1385	483
1401	506
1419	486
1435	495
1457	463
1237	396
1252	431
1254	474
1271	403
1282	452
1285	481
1263	504
1191	504
1228	495
1224	475
1198	461
1226	448
1197	427
1360	512
1298	510
1327	493
1350	485
1314	473
1338	460
1289	534
1179	553
1205	539
1166	537
1233	537
1313	595
1314	550
1345	587
1348	555
1245	601
1264	576
1268	548
1286	596
1293	565
1212	605
1192	597
1183	578
1200	572
1231	565
579	767
639	722
668	695
649	689
660	670
478	829
461	815
502	812
453	783
496	778
482	752
577	841
557	839
531	827
592	807
536	800
570	796
511	892
533	872
558	864
565	893
577	870
464	913
491	907
455	884
498	865
454	852
373	743
358	718
373	713
356	685
368	653
351	836
373	823
361	800
374	775
347	761
357	865
293	726
326	717
302	707
320	689
330	820
297	809
324	789
291	780
316	756
318	835
287	833
271	750
250	726
270	712
281	694
244	690
226	817
267	814
253	794
218	791
272	786
219	755
301	425
302	460
302	443
321	430
330	477
332	453
329	572
298	571
281	546
312	545
282	513
316	507
353	505
245	498
292	484
212	414
232	439
242	403
263	385
263	459
269	419
233	476
346	630
346	595
366	571
363	547
340	537
206	588
207	549
216	520
232	590
236	548
241	525
237	645
299	660
332	660
309	634
309	614
316	597
262	664
274	641
250	614
275	612
272	582
249	567
1163	977
1190	984
1212	986
1213	967
1133	993
1141	959
1149	985
1149	941
1158	996
1078	1017
1116	1013
1102	997
1119	984
1230	1021
1190	1019
1202	1007
1218	1002
1162	1017
1121	1168
1141	1152
1145	1181
1163	1161
1173	1176
1194	1165
1200	1154
1208	1053
1222	1048
1235	1046
1188	1044
1212	1031
1172	1059
1148	1055
1129	1046
1164	1035
1144	1026
1214	1084
1192	1082
1173	1082
1201	1075
1184	1065
1147	1085
1125	1087
1083	1095
1100	1075
1079	1070
1100	1053
1076	1041
1094	1029
1101	1098
1158	1135
1186	1131
1135	1113
1186	1109
1164	1106
1211	1125
1200	1131
1199	1103
1125	1138
1078	1126
1096	1140
1101	1119
1110	1151
709	1034
714	1098
722	1061
745	1042
703	950
724	1000
724	962
746	986
764	1006
648	974
649	1021
658	991
687	1009
687	972
685	1040
655	1046
630	1074
659	1081
663	1115
680	1096
700	1117
701	1071
633	1105
651	1101
629	1050
570	978
582	938
602	923
637	1002
77	865
85	918
87	889
101	871
116	910
119	884
95	962
72	951
108	950
102	935
81	933
33	944
53	931
57	903
40	896
54	881
40	879
7	916
33	912
26	894
12	887
29	877
353	886
332	885
297	883
327	861
301	850
237	901
270	890
250	886
269	858
250	848
217	842
328	934
360	930
316	914
361	908
345	907
291	934
281	965
253	958
265	940
249	917
276	912
348	982
314	977
363	968
337	959
309	955
359	952
510	967
513	942
518	917
533	967
550	937
451	968
486	964
460	940
488	938
462	1032
482	1012
453	1008
506	995
442	992
471	984
531	1017
490	1088
516	1069
486	1051
508	1036
454	1068
456	1096
440	1094
288	1059
261	1059
259	1026
254	1005
270	987
279	1010
296	1032
310	997
322	1051
336	1022
319	1070
375	1076
347	1071
346	1044
362	1019
370	996
397	1139
415	1129
399	1117
392	1094
432	1022
253	1104
277	1141
279	1091
289	1117
303	1090
252	1119
356	1152
319	1134
358	1134
378	1128
371	1104
330	1096
46	1112
76	1100
32	1091
61	1076
33	1062
67	1049
43	1030
55	1009
35	999
55	990
40	971
60	968
113	1042
89	1030
76	1005
111	1002
99	989
15	1066
11	1046
15	1016
12	987
12	964
12	942
58	1159
49	1137
28	1128
84	1123
79	1167
80	1189
66	1201
38	1192
14	1141
5	1127
16	1115
5	1091
29	1160
14	1170
10	1191
79	1145
103	1136
101	1094
108	1066
89	1061
394	1279
419	1276
382	1251
415	1244
333	1296
353	1293
369	1292
345	1268
326	1245
391	1355
419	1350
402	1330
422	1316
396	1303
416	1294
369	1362
345	1345
366	1344
340	1313
369	1313
