2026	937
2044	937
2040	927
2017	914
2044	902
2023	880
2041	852
2012	847
2043	831
2020	822
2009	1025
2037	997
2009	995
2042	962
2041	1031
1967	977
2000	960
1965	937
1983	918
1963	888
1986	868
1979	1005
1949	853
1929	845
1947	809
1979	807
1877	838
1889	839
1895	745
1897	712
1828	919
1815	907
1844	906
1815	881
1845	878
1866	867
1798	787
1811	761
1846	800
1848	771
1794	732
1794	709
1819	691
1787	690
1813	652
1847	676
1758	846
1771	821
1771	788
1776	764
1753	764
1759	740
1767	869
1750	873
1780	842
1762	709
1754	691
1768	666
1750	652
1746	629
1779	623
1824	609
1798	599
1773	568
1742	555
1780	537
1629	486
1656	443
1628	426
1629	385
1652	391
1642	366
1618	358
1564	444
1572	419
1539	428
1604	404
1595	445
1605	472
1586	375
1596	327
1575	351
1562	556
1534	524
1566	524
1568	490
1536	488
1564	463
1685	543
1690	513
1705	527
1735	528
1684	473
1685	616
1688	577
1707	628
1710	558
1714	586
1727	601
1628	553
1663	548
1593	536
1634	524
1658	509
1604	502
1587	578
1588	615
1624	594
1657	613
1663	588
1589	696
1624	689
1579	670
1611	658
1626	634
1549	682
1536	657
1556	644
1536	626
1553	594
1526	586
1125	511
1146	488
1116	479
1181	456
1146	449
1154	419
1199	484
1158	519
1071	520
1045	518
1043	488
1071	486
1060	463
1083	454
1086	427
1114	415
1113	440
1056	582
1060	552
1080	548
1082	608
1093	572
1103	538
1092	500
1156	609
1113	598
1138	575
1152	558
1143	538
1154	544
1146	654
1121	646
1086	635
1145	632
1026	657
1031	631
1054	618
1028	584
1033	548
1067	667
1077	716
1093	716
1094	679
1119	694
1122	673
1040	731
1035	709
1020	692
1054	688
1000	780
1049	771
1031	765
1058	754
1080	749
1106	803
1099	791
1109	760
1113	742
1113	725
1062	796
1068	825
1079	840
1081	779
1088	813
991	865
1003	828
1037	838
1039	875
1048	855
1036	803
980	938
953	932
995	912
938	902
972	901
1003	884
922	982
948	976
980	975
932	960
963	956
848	137
860	165
887	132
913	495
865	105
884	85
863	70
846	78
779	183
781	147
785	115
816	167
816	137
836	178
828	111
802	92
799	186
667	110
739	106
693	91
646	80
709	62
669	52
685	138
729	126
735	192
738	159
759	206
950	592
975	589
978	555
999	563
999	537
995	689
991	656
983	624
1000	613
1003	740
976	734
1009	711
989	708
907	628
853	611
924	607
865	584
890	570
904	517
923	774
925	812
938	786
949	751
972	800
972	763
914	832
924	855
940	839
963	871
963	840
904	968
879	963
878	946
908	936
881	914
861	841
862	863
891	846
893	829
860	902
904	900
837	880
889	876
786	745
793	797
806	772
844	739
715	802
729	776
739	750
750	800
765	781
699	661
711	720
736	687
742	658
769	712
704	682
786	670
765	678
801	707
639	730
647	690
659	715
675	688
680	726
611	825
659	752
681	788
701	755
563	1072
526	1069
535	1037
571	1035
594	1120
632	1116
608	1098
587	1080
622	1071
538	1170
558	1147
527	1143
524	1116
557	1108
509	1097
590	1179
568	1171
624	1162
595	1150
517	793
533	849
542	822
557	803
565	833
597	793
493	915
499	878
505	831
510	808
588	935
604	910
582	905
581	867
546	1004
575	1000
574	982
552	974
522	944
551	923
519	907
549	882
570	890
605	1047
602	1010
600	971
611	936
501	1071
501	1054
483	1040
504	1031
507	1007
481	1001
524	986
479	970
177	969
494	961
476	942
121	943
167	937
136	934
147	910
158	873
117	843
116	992
122	964
134	986
141	965
157	981
167	997
58	967
44	947
78	940
48	929
90	923
76	985
84	968
65	905
36	898
94	897
31	872
77	867
53	867
477	847
465	881
